0 0.411348 0.207969 0.524823 0.013605
0 0.769504 0.206511 0.163121 0.012634
0 0.412234 0.237123 0.526596 0.013605
0 0.413121 0.265792 0.528369 0.014577
0 0.501773 0.311953 0.702128 0.013605
0 0.233156 0.367347 0.168440 0.015549
0 0.413121 0.367347 0.166667 0.015549
0 0.590426 0.367347 0.166667 0.015549
0 0.770390 0.367347 0.164894 0.015549
0 0.501773 0.411565 0.702128 0.016521
1 0.233156 0.517979 0.168440 0.029155
1 0.411348 0.517979 0.163121 0.029155
1 0.590426 0.518465 0.166667 0.028183
1 0.770390 0.518465 0.164894 0.028183
2 0.167553 0.593294 0.023050 0.012634
2 0.166667 0.609815 0.024823 0.012634
2 0.167553 0.626822 0.023050 0.013605
2 0.524823 0.603499 0.021277 0.013605
2 0.526596 0.620505 0.021277 0.010690
2 0.524823 0.637512 0.021277 0.013605
2 0.524823 0.654519 0.021277 0.012634
2 0.524823 0.671526 0.024823 0.011662
2 0.525709 0.687561 0.023050 0.012634
2 0.526596 0.705053 0.024823 0.012634
2 0.524823 0.721574 0.021277 0.012634
0 0.500887 0.844995 0.703901 0.014577
0 0.500887 0.893100 0.703901 0.054422
1 0.226950 0.958212 0.156028 0.029155
