0 0.446528 0.346219 0.143750 0.033719
0 0.584201 0.345368 0.117014 0.033379
0 0.711806 0.345368 0.127083 0.033379
0 0.445660 0.397309 0.142014 0.032357
0 0.583507 0.396798 0.115625 0.033379
0 0.712674 0.396458 0.130208 0.032698
0 0.576042 0.447548 0.406250 0.033379
0 0.471701 0.498467 0.200347 0.032357
1 0.628125 0.497956 0.019444 0.014986
1 0.679688 0.498297 0.017014 0.014305
0 0.471181 0.550579 0.193056 0.033719
4 0.679167 0.550238 0.203472 0.037125
0 0.471875 0.602691 0.196528 0.034401
4 0.680208 0.602350 0.202778 0.037807
0 0.445486 0.654632 0.145833 0.034060
0 0.583507 0.654292 0.115625 0.033379
0 0.712153 0.654632 0.127778 0.034060
0 0.576215 0.705041 0.404514 0.034741
0 0.500694 0.776226 0.554167 0.074251
0 0.472743 0.848774 0.194792 0.034060
0 0.676736 0.848433 0.197222 0.034741
6 0.231771 0.976499 0.016319 0.013624
4 0.371875 0.347071 0.310417 0.038147
4 0.368576 0.397139 0.304514 0.038828
4 0.500174 0.446696 0.567708 0.042575
4 0.395660 0.498978 0.360069 0.039510
4 0.398090 0.550409 0.353819 0.042916
4 0.397049 0.603202 0.349653 0.037466
0 0.701215 0.551090 0.151042 0.032698
0 0.701910 0.602520 0.152431 0.033379
4 0.371528 0.653951 0.298611 0.043597
3 0.638194 0.497956 0.049306 0.019755
3 0.695312 0.498638 0.053125 0.023161
7 0.364583 0.976669 0.291667 0.020777
