0 0.534000 0.291809 0.248000 0.071672
0 0.792000 0.293515 0.248000 0.068259
0 0.535000 0.401024 0.254000 0.078498
0 0.791000 0.402730 0.254000 0.075085
0 0.533000 0.510239 0.254000 0.071672
0 0.791000 0.510239 0.254000 0.071672
3 0.180000 0.399317 0.228000 0.075085
3 0.180000 0.510239 0.228000 0.071672
0 0.663000 0.704778 0.510000 0.242321
7 0.426000 0.877133 0.036000 0.054608
3 0.878000 0.885666 0.076000 0.071672
5 0.534000 0.281570 0.252000 0.105802
5 0.791000 0.281570 0.258000 0.098976
5 0.534000 0.394198 0.260000 0.105802
5 0.794000 0.394198 0.256000 0.112628
5 0.532000 0.500000 0.260000 0.098976
5 0.793000 0.501706 0.258000 0.102389
5 0.664000 0.694539 0.516000 0.276451
8 0.606000 0.878840 0.404000 0.071672
