0 0.448763 0.209211 0.162544 0.060526
0 0.627208 0.203947 0.159011 0.060526
0 0.537986 0.315789 0.340989 0.057895
0 0.537102 0.411842 0.342756 0.060526
0 0.405477 0.507895 0.075972 0.057895
0 0.538869 0.628947 0.339223 0.057895
2 0.287102 0.765789 0.019435 0.036842
2 0.367491 0.768421 0.017668 0.031579
3 0.338339 0.848684 0.121908 0.060526
0 0.585689 0.509211 0.245583 0.055263
5 0.407244 0.207895 0.256184 0.068421
5 0.495583 0.315789 0.436396 0.068421
5 0.496466 0.413158 0.434629 0.068421
5 0.363074 0.506579 0.167845 0.065789
5 0.496466 0.627632 0.434629 0.065789
4 0.295053 0.765789 0.045936 0.047368
4 0.378092 0.767105 0.049470 0.044737
