0 0.573487 0.132895 0.708934 0.071053
0 0.536744 0.215789 0.635447 0.068421
0 0.573487 0.506579 0.708934 0.071053
0 0.573487 0.592105 0.708934 0.073684
0 0.572767 0.676316 0.704611 0.073684
0 0.575648 0.760526 0.704611 0.068421
3 0.259366 0.843421 0.074928 0.065789
3 0.146254 0.756579 0.136888 0.060526
0 0.255764 0.361842 0.041787 0.044737
0 0.301873 0.363158 0.041787 0.042105
5 0.546110 0.132895 0.769452 0.081579
5 0.494957 0.217105 0.719020 0.076316
5 0.540346 0.505263 0.780980 0.078947
5 0.543228 0.593421 0.778098 0.081579
