0 0.612434 0.155273 0.719577 0.072266
0 0.614749 0.281250 0.720238 0.072266
0 0.616071 0.406250 0.722884 0.072266
0 0.613095 0.601074 0.723545 0.075195
1 0.305225 0.723145 0.025794 0.036133
1 0.384590 0.723633 0.023148 0.039062
0 0.613095 0.825684 0.681217 0.110352
2 0.083995 0.940430 0.099206 0.070312
4 0.553571 0.156738 0.845238 0.081055
4 0.555556 0.282715 0.847884 0.081055
4 0.583003 0.405273 0.798280 0.080078
4 0.587963 0.600586 0.788360 0.083984
4 0.561508 0.824707 0.793651 0.122070
3 0.325397 0.722168 0.075397 0.041992
3 0.417328 0.723145 0.092593 0.047852
