0 0.563953 0.251116 0.689922 0.082589
0 0.565891 0.362723 0.689922 0.082589
0 0.341085 0.472098 0.244186 0.082589
0 0.783915 0.472098 0.242248 0.078125
0 0.564922 0.581473 0.687984 0.082589
1 0.088178 0.672991 0.029070 0.033482
2 0.718992 0.820312 0.116279 0.082589
2 0.843992 0.822545 0.129845 0.082589
4 0.494186 0.251116 0.837209 0.091518
4 0.514535 0.361607 0.804264 0.089286
4 0.285853 0.470982 0.366279 0.089286
4 0.713178 0.472098 0.395349 0.087054
4 0.495155 0.581473 0.839147 0.091518
