0 0.341535 0.089474 0.210630 0.068421
0 0.344488 0.182895 0.208661 0.065789
0 0.342520 0.277632 0.212598 0.060526
0 0.341535 0.369737 0.210630 0.060526
0 0.341535 0.463158 0.210630 0.063158
0 0.342520 0.555263 0.212598 0.063158
0 0.341535 0.650000 0.210630 0.068421
0 0.654528 0.146053 0.210630 0.065789
0 0.653543 0.235526 0.208661 0.065789
0 0.653543 0.406579 0.212598 0.065789
0 0.653543 0.494737 0.212598 0.063158
0 0.654528 0.665789 0.210630 0.063158
0 0.655512 0.753947 0.212598 0.065789
0 0.655512 0.842105 0.212598 0.073684
