0 0.569000 0.395642 0.770000 0.089450
0 0.569000 0.495413 0.770000 0.091743
0 0.573000 0.598624 0.766000 0.091743
0 0.843000 0.697248 0.218000 0.087156
0 0.454000 0.697248 0.536000 0.091743
7 0.226000 0.793578 0.048000 0.050459
7 0.224000 0.876147 0.048000 0.050459
7 0.224000 0.956422 0.048000 0.050459
5 0.492000 0.396789 0.928000 0.096330
5 0.494000 0.496560 0.924000 0.098624
5 0.496000 0.600917 0.928000 0.096330
5 0.378000 0.697248 0.692000 0.100917
8 0.379000 0.791284 0.366000 0.059633
8 0.478000 0.875000 0.568000 0.057339
8 0.417000 0.957569 0.446000 0.057339
