0 0.319802 0.280435 0.326733 0.030435
0 0.671287 0.281159 0.324752 0.028986
0 0.496040 0.371014 0.675248 0.028986
0 0.268317 0.468841 0.219802 0.027536
0 0.613861 0.469565 0.443564 0.031884
0 0.497030 0.613043 0.677228 0.086957
1 0.175248 0.736232 0.025743 0.023188
1 0.173267 0.763768 0.029703 0.023188
2 0.497030 0.855072 0.146535 0.049275
4 0.319802 0.283333 0.330693 0.053623
4 0.667327 0.287681 0.328713 0.053623
4 0.612871 0.475362 0.457426 0.049275
4 0.497030 0.600000 0.681188 0.124638
3 0.203960 0.736232 0.095050 0.028986
3 0.204950 0.765942 0.104950 0.027536
