0 0.557333 0.103947 0.330667 0.044737
0 0.554667 0.177632 0.330667 0.050000
0 0.556000 0.251316 0.333333 0.044737
0 0.557333 0.323684 0.336000 0.047368
0 0.556000 0.398684 0.333333 0.044737
2 0.905333 0.869737 0.136000 0.050000
0 0.414667 0.559211 0.328000 0.039474
0 0.416000 0.630263 0.330667 0.039474
0 0.412000 0.705263 0.328000 0.036842
0 0.410667 0.777632 0.330667 0.039474
0 0.664000 0.559211 0.165333 0.039474
0 0.665333 0.631579 0.162667 0.042105
0 0.662667 0.703947 0.162667 0.039474
0 0.664000 0.777632 0.165333 0.039474
4 0.397333 0.102632 0.661333 0.052632
4 0.397333 0.176316 0.661333 0.057895
4 0.393333 0.250000 0.674667 0.052632
4 0.402667 0.323684 0.661333 0.057895
4 0.393333 0.398684 0.669333 0.055263
