0 0.398422 0.355263 0.311637 0.052632
0 0.729783 0.355263 0.307692 0.052632
0 0.401381 0.451316 0.317554 0.055263
0 0.731755 0.450000 0.319527 0.057895
0 0.399408 0.548684 0.313609 0.055263
0 0.651874 0.546053 0.155819 0.055263
0 0.817554 0.548684 0.151874 0.050000
5 0.399408 0.643421 0.305720 0.055263
2 0.832347 0.765789 0.106509 0.057895
4 0.398422 0.351316 0.319527 0.076316
4 0.731755 0.352632 0.315582 0.073684
4 0.401381 0.447368 0.329389 0.073684
4 0.733728 0.446053 0.327416 0.076316
4 0.398422 0.544737 0.319527 0.068421
4 0.651874 0.540789 0.159763 0.071053
4 0.817554 0.543421 0.159763 0.071053
8 0.399408 0.636842 0.313609 0.078947
