2 0.367733 0.094737 0.049419 0.042105
2 0.670058 0.094737 0.043605 0.042105
0 0.594477 0.194737 0.502907 0.068421
0 0.590116 0.282895 0.500000 0.065789
0 0.662791 0.359211 0.627907 0.044737
0 0.594477 0.434211 0.497093 0.068421
0 0.593023 0.519737 0.500000 0.065789
0 0.593023 0.602632 0.494186 0.068421
0 0.530523 0.680263 0.363372 0.044737
0 0.431686 0.756579 0.171512 0.065789
0 0.527616 0.910526 0.369186 0.068421
4 0.470930 0.094737 0.273256 0.052632
4 0.774709 0.094737 0.270349 0.052632
5 0.446221 0.193421 0.811047 0.076316
5 0.446221 0.282895 0.793605 0.071053
5 0.514535 0.359211 0.930233 0.055263
5 0.447674 0.435526 0.802326 0.076316
5 0.447674 0.519737 0.796512 0.071053
5 0.447674 0.602632 0.802326 0.073684
5 0.383721 0.680263 0.668605 0.050000
5 0.284884 0.753947 0.476744 0.071053
5 0.383721 0.910526 0.668605 0.073684
