0 0.150000 0.299080 0.262264 0.076687
0 0.103774 0.426380 0.166038 0.073620
0 0.489623 0.332822 0.247170 0.070552
0 0.446226 0.460123 0.171698 0.067485
0 0.486792 0.590491 0.249057 0.070552
0 0.505660 0.722393 0.290566 0.076687
0 0.792453 0.329755 0.245283 0.070552
0 0.754717 0.460123 0.173585 0.073620
0 0.702830 0.587423 0.066038 0.070552
0 0.812264 0.719325 0.284906 0.070552
0 0.148113 0.694785 0.258491 0.070552
3 0.082075 0.518405 0.126415 0.073620
3 0.110377 0.785276 0.183019 0.073620
3 0.920755 0.819018 0.120755 0.073620
2 0.896226 0.588957 0.022642 0.042945
2 0.800000 0.587423 0.022642 0.039877
5 0.154717 0.282209 0.279245 0.128834
5 0.103774 0.409509 0.173585 0.125767
5 0.150943 0.677914 0.271698 0.116564
5 0.492453 0.314417 0.256604 0.119632
5 0.795283 0.312883 0.254717 0.122699
5 0.459434 0.443252 0.205660 0.113497
5 0.755660 0.443252 0.183019 0.119632
5 0.486792 0.572086 0.256604 0.113497
5 0.506604 0.707055 0.300000 0.119632
5 0.820755 0.705521 0.305660 0.116564
4 0.777358 0.588957 0.075472 0.055215
4 0.864151 0.587423 0.094340 0.052147
