0 0.310284 0.094912 0.276596 0.037182
0 0.312057 0.159491 0.280142 0.033268
3 0.317376 0.223092 0.283688 0.031311
0 0.265071 0.281800 0.182624 0.035225
0 0.787234 0.153620 0.276596 0.037182
0 0.786348 0.218200 0.278369 0.037182
0 0.786348 0.340509 0.278369 0.152642
0 0.788121 0.460861 0.278369 0.037182
0 0.786348 0.709393 0.278369 0.037182
0 0.784574 0.645793 0.278369 0.035225
0 0.312057 0.715264 0.280142 0.033268
0 0.312943 0.648728 0.278369 0.037182
0 0.312057 0.580235 0.276596 0.037182
0 0.312057 0.510763 0.280142 0.035225
0 0.312057 0.435421 0.276596 0.037182
3 0.791667 0.527397 0.285461 0.029354
3 0.792553 0.586106 0.283688 0.029354
0 0.311170 0.839530 0.281915 0.152642
1 0.452128 0.967710 0.120567 0.037182
1 0.576241 0.968689 0.120567 0.035225
