0 0.534296 0.360526 0.368231 0.047368
0 0.530686 0.428947 0.368231 0.047368
2 0.368231 0.498684 0.036101 0.028947
2 0.561372 0.500000 0.039711 0.031579
0 0.530686 0.565789 0.375451 0.047368
0 0.577617 0.713158 0.469314 0.178947
7 0.366426 0.867105 0.039711 0.028947
5 0.485560 0.360526 0.480144 0.052632
5 0.483755 0.428947 0.469314 0.052632
5 0.447653 0.565789 0.548736 0.052632
5 0.516245 0.713158 0.606498 0.184211
4 0.433213 0.498684 0.180505 0.039474
4 0.622744 0.498684 0.176895 0.039474
8 0.574007 0.865789 0.462094 0.036842
