0 0.124286 0.160000 0.222857 0.112000
0 0.375714 0.160000 0.225714 0.112000
0 0.625714 0.162000 0.228571 0.124000
0 0.877857 0.162000 0.221429 0.116000
0 0.165714 0.434000 0.314286 0.116000
0 0.500714 0.436000 0.310000 0.112000
0 0.835714 0.436000 0.311429 0.112000
0 0.165714 0.708000 0.308571 0.112000
0 0.501429 0.710000 0.311429 0.116000
3 0.501429 0.906000 0.085714 0.100000
5 0.123571 0.136000 0.227143 0.176000
5 0.376429 0.140000 0.230000 0.168000
5 0.625000 0.140000 0.235714 0.176000
5 0.877143 0.138000 0.228571 0.180000
5 0.165000 0.410000 0.318571 0.172000
5 0.501429 0.408000 0.317143 0.176000
5 0.835000 0.408000 0.315714 0.176000
5 0.166429 0.682000 0.312857 0.180000
5 0.502143 0.682000 0.318571 0.180000
