3 0.310000 0.184685 0.253846 0.054054
0 0.319231 0.364865 0.601538 0.058559
0 0.159231 0.475225 0.293846 0.058559
0 0.475385 0.476351 0.289231 0.056306
0 0.162308 0.585586 0.290769 0.058559
0 0.473846 0.585586 0.286154 0.058559
0 0.134615 0.694820 0.235385 0.056306
2 0.360000 0.710586 0.024615 0.033784
2 0.466923 0.710586 0.020000 0.033784
3 0.094615 0.935811 0.155385 0.092342
5 0.317692 0.377252 0.607692 0.087838
5 0.158462 0.485360 0.301538 0.087838
5 0.474615 0.486486 0.296923 0.090090
5 0.162308 0.595721 0.296923 0.087838
5 0.473077 0.597973 0.293846 0.087838
5 0.134615 0.708333 0.241538 0.092342
4 0.382308 0.709459 0.078462 0.045045
4 0.498462 0.711712 0.092308 0.040541
