0 0.562500 0.172451 0.369118 0.058568
0 0.562500 0.273319 0.369118 0.060738
0 0.491912 0.376356 0.225000 0.054230
0 0.448529 0.477223 0.138235 0.056399
1 0.546324 0.473970 0.016176 0.032538
1 0.666176 0.471800 0.017647 0.028200
0 0.412500 0.573753 0.066176 0.054230
0 0.534559 0.573753 0.060294 0.054230
0 0.415441 0.671367 0.075000 0.062907
0 0.561029 0.773319 0.366176 0.062907
4 0.495588 0.173536 0.508824 0.069414
4 0.502941 0.276573 0.494118 0.067245
4 0.438235 0.375271 0.338235 0.060738
4 0.397059 0.476139 0.250000 0.067245
4 0.333824 0.572668 0.226471 0.056399
4 0.344118 0.669197 0.217647 0.067245
4 0.442647 0.774403 0.611765 0.065076
3 0.591176 0.472885 0.111765 0.043384
3 0.720588 0.472885 0.132353 0.039046
