6 0.623274 0.328947 0.583826 0.052632
6 0.624260 0.415789 0.585799 0.047368
6 0.623274 0.502632 0.583826 0.052632
6 0.622288 0.590789 0.581854 0.044737
6 0.623274 0.677632 0.583826 0.050000
0 0.619329 0.817105 0.579882 0.150000
3 0.804734 0.956579 0.213018 0.050000
9 0.546351 0.326316 0.745562 0.063158
9 0.546351 0.414474 0.745562 0.055263
9 0.546351 0.501316 0.745562 0.060526
9 0.546351 0.589474 0.741617 0.052632
9 0.547337 0.675000 0.739645 0.060526
9 0.543393 0.815789 0.739645 0.157895
