0 0.335664 0.192105 0.279720 0.042105
0 0.812354 0.190789 0.272727 0.039474
0 0.334499 0.243421 0.277389 0.044737
0 0.812354 0.244737 0.272727 0.042105
0 0.335664 0.297368 0.275058 0.042105
0 0.812354 0.297368 0.277389 0.042105
0 0.336830 0.350000 0.277389 0.042105
0 0.812354 0.351316 0.277389 0.044737
0 0.456876 0.403947 0.060606 0.044737
0 0.456876 0.456579 0.060606 0.044737
0 0.458042 0.509211 0.062937 0.044737
0 0.456876 0.564474 0.060606 0.044737
0 0.458042 0.614474 0.067599 0.044737
0 0.932401 0.402632 0.060606 0.042105
0 0.933566 0.455263 0.058275 0.042105
0 0.932401 0.511842 0.065268 0.044737
0 0.932401 0.564474 0.065268 0.044737
0 0.932401 0.614474 0.065268 0.044737
3 0.286713 0.406579 0.177156 0.044737
3 0.286713 0.456579 0.177156 0.044737
3 0.762238 0.617105 0.177156 0.044737
3 0.762238 0.564474 0.177156 0.044737
3 0.762238 0.509211 0.177156 0.044737
3 0.762238 0.453947 0.177156 0.044737
3 0.762238 0.401316 0.177156 0.044737
3 0.284382 0.614474 0.177156 0.044737
3 0.286713 0.564474 0.177156 0.044737
3 0.286713 0.509211 0.177156 0.044737
1 0.506993 0.940789 0.146853 0.039474
