0 0.378000 0.050617 0.256000 0.029630
0 0.633000 0.050617 0.258000 0.029630
0 0.505000 0.082099 0.514000 0.030864
0 0.505000 0.114198 0.518000 0.030864
4 0.268000 0.142593 0.036000 0.023457
4 0.525000 0.142593 0.034000 0.023457
2 0.322000 0.243210 0.048000 0.022222
2 0.320000 0.271605 0.048000 0.027160
2 0.318000 0.299383 0.044000 0.025926
2 0.317000 0.325926 0.042000 0.027160
2 0.320000 0.353704 0.048000 0.028395
2 0.316000 0.381481 0.044000 0.027160
2 0.317000 0.408642 0.038000 0.027160
2 0.317000 0.435185 0.042000 0.028395
2 0.317000 0.461728 0.038000 0.027160
0 0.505000 0.531481 0.514000 0.030864
0 0.506000 0.617284 0.516000 0.138272
1 0.357000 0.769136 0.122000 0.024691
0 0.507000 0.831481 0.518000 0.030864
0 0.507000 0.863580 0.518000 0.030864
1 0.417000 0.941358 0.342000 0.050617
