0 0.237374 0.342105 0.361616 0.052632
0 0.237374 0.434211 0.361616 0.057895
0 0.237374 0.526316 0.361616 0.052632
0 0.756566 0.343421 0.361616 0.055263
0 0.758586 0.431579 0.361616 0.052632
0 0.758586 0.525000 0.361616 0.055263
6 0.592929 0.614474 0.026263 0.034211
6 0.071717 0.610526 0.022222 0.031579
2 0.240404 0.698684 0.367677 0.060526
2 0.762626 0.700000 0.369697 0.057895
4 0.238384 0.334211 0.371717 0.078947
4 0.237374 0.426316 0.369697 0.084211
4 0.237374 0.517105 0.369697 0.076316
4 0.756566 0.332895 0.369697 0.081579
4 0.758586 0.425000 0.369697 0.076316
4 0.758586 0.517105 0.369697 0.076316
7 0.171717 0.609211 0.230303 0.039474
7 0.690909 0.613158 0.230303 0.042105
