0 0.661947 0.114048 0.608850 0.055891
0 0.662832 0.188822 0.607080 0.057402
0 0.661062 0.262840 0.607080 0.054381
3 0.472566 0.339124 0.223009 0.058912
3 0.690265 0.336858 0.113274 0.057402
3 0.880531 0.336858 0.171681 0.057402
4 0.373451 0.399547 0.024779 0.025680
4 0.467257 0.400302 0.031858 0.024169
3 0.665487 0.473565 0.608850 0.052870
0 0.660177 0.547583 0.605310 0.061934
0 0.664602 0.622356 0.607080 0.054381
0 0.661062 0.694864 0.607080 0.057402
0 0.660177 0.772659 0.608850 0.058912
2 0.374336 0.842900 0.026549 0.030211
1 0.769027 0.946375 0.122124 0.055891
1 0.900885 0.947885 0.127434 0.052870
