0 0.352308 0.123377 0.178462 0.044156
0 0.351538 0.194805 0.183077 0.046753
0 0.352308 0.263636 0.184615 0.049351
0 0.353077 0.335065 0.183077 0.046753
0 0.353077 0.406494 0.183077 0.049351
0 0.350769 0.474026 0.184615 0.049351
0 0.351538 0.545455 0.183077 0.046753
0 0.283846 0.614286 0.047692 0.049351
0 0.339231 0.616883 0.044615 0.049351
0 0.405385 0.616883 0.072308 0.049351
3 0.353077 0.688312 0.183077 0.046753
3 0.352308 0.758442 0.178462 0.041558
2 0.275385 0.822078 0.021538 0.028571
1 0.295385 0.906494 0.067692 0.031169
