0 0.784856 0.127924 0.153846 0.030702
0 0.693510 0.490497 0.252404 0.027778
0 0.693510 0.519006 0.252404 0.029240
0 0.693510 0.549708 0.252404 0.026316
0 0.692909 0.578216 0.251202 0.030702
0 0.694111 0.605994 0.251202 0.027778
1 0.633413 0.632310 0.062500 0.027778
1 0.706130 0.631579 0.056490 0.029240
0 0.759014 0.724415 0.381010 0.109649
0 0.693510 0.793860 0.250000 0.029240
0 0.692308 0.822368 0.250000 0.027778
0 0.692909 0.851608 0.251202 0.027778
0 0.693510 0.879386 0.252404 0.030702
0 0.399038 0.908626 0.252404 0.030702
1 0.396034 0.959795 0.058894 0.030702
1 0.528245 0.959795 0.104567 0.027778
