0 0.394504 0.207589 0.448582 0.031250
0 0.226950 0.260417 0.109929 0.026786
0 0.338652 0.260417 0.102837 0.026786
0 0.507979 0.260417 0.218085 0.026786
2 0.185284 0.335565 0.019504 0.016369
2 0.261525 0.333333 0.023050 0.023810
0 0.509752 0.335565 0.218085 0.028274
0 0.281028 0.424851 0.218085 0.028274
0 0.508865 0.424107 0.216312 0.029762
0 0.277482 0.499256 0.232270 0.031250
0 0.504433 0.499256 0.225177 0.031250
0 0.278369 0.553571 0.230496 0.032738
0 0.507092 0.552827 0.226950 0.031250
0 0.279255 0.607143 0.228723 0.029762
0 0.453901 0.607143 0.109929 0.029762
0 0.560284 0.606399 0.113475 0.034226
2 0.186170 0.687500 0.024823 0.020833
2 0.410461 0.686756 0.019504 0.019345
2 0.185284 0.767113 0.026596 0.019345
3 0.747340 0.180060 0.182624 0.032738
3 0.748227 0.213542 0.184397 0.034226
3 0.797872 0.023810 0.088652 0.032738
5 0.392730 0.201637 0.459220 0.049107
5 0.227837 0.253720 0.115248 0.046131
5 0.279255 0.418155 0.228723 0.047619
5 0.507979 0.417411 0.225177 0.049107
5 0.277482 0.493304 0.239362 0.049107
5 0.506206 0.493304 0.228723 0.046131
5 0.279255 0.549107 0.235816 0.044643
5 0.508865 0.547619 0.230496 0.044643
5 0.279255 0.600446 0.235816 0.046131
5 0.450355 0.601935 0.109929 0.046131
5 0.564716 0.601935 0.115248 0.046131
4 0.252660 0.686756 0.168440 0.025298
4 0.482270 0.686012 0.170213 0.026786
4 0.253546 0.767113 0.170213 0.025298
4 0.200355 0.334821 0.060284 0.020833
4 0.312057 0.332589 0.134752 0.028274
