0 0.254400 0.118182 0.451200 0.064463
0 0.734400 0.118182 0.454400 0.064463
0 0.254400 0.260331 0.454400 0.061157
0 0.736000 0.260331 0.451200 0.061157
0 0.494400 0.402479 0.934400 0.064463
0 0.494400 0.682645 0.934400 0.343802
2 0.860800 0.926446 0.198400 0.094215
4 0.255200 0.100000 0.462400 0.107438
4 0.734400 0.099174 0.464000 0.109091
4 0.253600 0.242975 0.462400 0.102479
4 0.736800 0.242149 0.462400 0.104132
4 0.495200 0.385124 0.942400 0.105785
4 0.493600 0.666116 0.945600 0.386777
