0 0.337017 0.253947 0.261510 0.050000
0 0.634438 0.255263 0.263352 0.052632
0 0.337017 0.367105 0.261510 0.050000
0 0.335175 0.478947 0.265193 0.047368
0 0.335175 0.592105 0.268877 0.047368
0 0.335175 0.771053 0.265193 0.178947
3 0.238490 0.909211 0.090239 0.044737
3 0.528545 0.322368 0.069982 0.044737
5 0.336096 0.244737 0.267035 0.073684
5 0.634438 0.244737 0.270718 0.078947
5 0.336096 0.357895 0.267035 0.073684
5 0.336096 0.469737 0.270718 0.071053
5 0.335175 0.582895 0.276243 0.076316
5 0.335175 0.760526 0.268877 0.205263
