0 0.534431 0.349442 0.202595 0.037175
0 0.538423 0.425651 0.208583 0.044610
0 0.538922 0.503717 0.209581 0.044610
0 0.538922 0.580855 0.209581 0.046468
0 0.539920 0.660781 0.209581 0.042751
0 0.539421 0.738848 0.210579 0.046468
2 0.465070 0.813197 0.055888 0.039033
2 0.517465 0.813197 0.048902 0.039033
2 0.858782 0.938662 0.066866 0.052045
2 0.940619 0.939591 0.080838 0.050186
4 0.438124 0.349442 0.401198 0.048327
4 0.440120 0.426580 0.411178 0.053903
4 0.442116 0.505576 0.411178 0.052045
4 0.440120 0.581784 0.409182 0.052045
4 0.440619 0.661710 0.412176 0.052045
4 0.442116 0.738848 0.411178 0.053903
