0 0.248700 0.149466 0.469671 0.113879
0 0.754766 0.153025 0.469671 0.106762
0 0.247834 0.402135 0.471404 0.106762
0 0.754766 0.411032 0.469671 0.110320
0 0.247834 0.656584 0.471404 0.110320
0 0.755633 0.669039 0.474870 0.106762
0 0.246967 0.907473 0.469671 0.106762
0 0.757366 0.925267 0.471404 0.106762
4 0.248700 0.119217 0.476603 0.181495
4 0.249567 0.371886 0.478336 0.181495
4 0.248700 0.628114 0.476603 0.181495
4 0.246967 0.879004 0.476603 0.177936
4 0.754766 0.122776 0.473137 0.181495
4 0.754766 0.382562 0.476603 0.181495
4 0.756499 0.635231 0.483536 0.188612
4 0.756499 0.893238 0.480069 0.185053
