0 0.270853 0.242962 0.380633 0.048960
0 0.696548 0.243574 0.371045 0.050184
0 0.379195 0.390453 0.583893 0.048960
0 0.381112 0.519584 0.583893 0.050184
1 0.104506 0.661261 0.042186 0.033660
1 0.512943 0.656365 0.040268 0.036108
1 0.101630 0.738372 0.040268 0.027540
1 0.509108 0.737148 0.032598 0.029988
6 0.245925 0.824357 0.317354 0.050184
2 0.167785 0.931763 0.161074 0.042228
4 0.269895 0.227356 0.392138 0.091187
4 0.697028 0.250306 0.385427 0.073439
4 0.381112 0.374235 0.597315 0.088739
4 0.381112 0.502142 0.597315 0.088739
3 0.206136 0.660037 0.260786 0.039780
3 0.604506 0.657283 0.244487 0.045288
3 0.626079 0.737760 0.283797 0.041004
3 0.213327 0.738372 0.282838 0.037332
4 0.244487 0.835067 0.327900 0.080171
