0 0.425000 0.317089 0.260000 0.033378
0 0.421250 0.372497 0.252500 0.029372
0 0.425625 0.426569 0.261250 0.033378
0 0.425000 0.480641 0.260000 0.032043
6 0.305000 0.650868 0.020000 0.020027
6 0.508125 0.650200 0.023750 0.021362
6 0.711875 0.649533 0.018750 0.020027
1 0.307500 0.702937 0.022500 0.020027
1 0.508750 0.703605 0.020000 0.021362
1 0.711250 0.702937 0.020000 0.022697
0 0.503125 0.819092 0.833750 0.076101
2 0.289375 0.948598 0.198750 0.049399
2 0.710625 0.947931 0.391250 0.050734
4 0.354375 0.316422 0.408750 0.042724
4 0.363125 0.371162 0.378750 0.040053
4 0.361875 0.427236 0.398750 0.040053
4 0.331250 0.481308 0.462500 0.038718
7 0.358125 0.651535 0.131250 0.024032
7 0.563125 0.650868 0.141250 0.025367
7 0.783750 0.650868 0.167500 0.025367
3 0.351875 0.702937 0.121250 0.028037
3 0.536875 0.702270 0.088750 0.029372
3 0.757500 0.702270 0.122500 0.029372
4 0.502500 0.803738 0.840000 0.109479
