0 0.421538 0.105263 0.415385 0.023833
0 0.421538 0.701589 0.415385 0.022840
0 0.421538 0.655412 0.415385 0.023833
0 0.422308 0.610228 0.413846 0.022840
0 0.422308 0.563555 0.416923 0.024826
0 0.421538 0.242800 0.415385 0.022840
0 0.422308 0.197120 0.416923 0.022840
0 0.423077 0.151440 0.415385 0.020854
4 0.031538 0.385303 0.023077 0.013903
4 0.256154 0.384310 0.020000 0.011917
4 0.484615 0.385799 0.018462 0.012910
4 0.224615 0.526316 0.015385 0.009930
4 0.305385 0.527805 0.016923 0.010924
4 0.382308 0.526812 0.016923 0.008937
4 0.463077 0.528302 0.015385 0.009930
4 0.542308 0.527805 0.016923 0.012910
0 0.303077 0.748759 0.175385 0.023833
3 0.244615 0.795432 0.055385 0.025819
3 0.313846 0.795432 0.076923 0.025819
2 0.228462 0.834161 0.020000 0.011917
1 0.347692 0.868918 0.135385 0.027805
