0 0.430956 0.238166 0.285281 0.073964
0 0.430197 0.316568 0.286798 0.071006
0 0.430197 0.394970 0.286798 0.073964
0 0.430956 0.474852 0.288316 0.068047
0 0.431715 0.553254 0.289833 0.071006
0 0.409712 0.718935 0.242792 0.076923
0 0.406677 0.639053 0.233687 0.076923
2 0.308042 0.800296 0.027314 0.062130
2 0.391502 0.801775 0.021244 0.059172
3 0.064492 0.945266 0.086495 0.068047
3 0.164643 0.948225 0.101669 0.068047
5 0.302731 0.235207 0.550835 0.085799
5 0.303490 0.315089 0.549317 0.079882
5 0.302731 0.394970 0.547800 0.085799
5 0.302731 0.474852 0.547800 0.079882
5 0.303490 0.554734 0.549317 0.079882
5 0.276935 0.639053 0.496206 0.088757
5 0.282246 0.720414 0.503794 0.085799
4 0.329287 0.800296 0.078907 0.073964
4 0.424886 0.800296 0.097117 0.073964
