0 0.436451 0.321053 0.465228 0.047368
0 0.435252 0.367105 0.472422 0.044737
0 0.371703 0.414474 0.474820 0.050000
4 0.057554 0.560526 0.028777 0.031579
4 0.058753 0.597368 0.026379 0.036842
4 0.058753 0.636842 0.031175 0.036842
2 0.057554 0.743421 0.028777 0.034211
2 0.287770 0.743421 0.028777 0.034211
2 0.473621 0.744737 0.031175 0.031579
2 0.056355 0.782895 0.031175 0.034211
2 0.266187 0.784211 0.028777 0.031579
2 0.488010 0.784211 0.026379 0.036842
2 0.057554 0.821053 0.028777 0.036842
2 0.223022 0.822368 0.028777 0.034211
2 0.369305 0.823684 0.028777 0.031579
1 0.154676 0.888158 0.280576 0.044737
