0 0.236232 0.431250 0.144928 0.050000
0 0.388406 0.502083 0.144928 0.050000
0 0.233333 0.502083 0.144928 0.050000
0 0.389855 0.433333 0.144928 0.050000
0 0.386957 0.668750 0.144928 0.050000
0 0.231884 0.670833 0.144928 0.050000
0 0.313043 0.737500 0.298551 0.050000
7 0.225362 0.793750 0.015942 0.025000
3 0.315217 0.839583 0.126087 0.037500
3 0.238406 0.934375 0.146377 0.035417
3 0.389855 0.934375 0.142029 0.035417
0 0.684058 0.430208 0.298551 0.047917
0 0.686232 0.495833 0.300000 0.050000
3 0.594928 0.620833 0.181159 0.045833
3 0.775362 0.620833 0.179710 0.045833
3 0.592754 0.784375 0.150725 0.039583
3 0.592029 0.834375 0.152174 0.039583
3 0.590580 0.883333 0.149275 0.037500
3 0.739855 0.747917 0.073913 0.029167
3 0.815217 0.748958 0.073913 0.031250
0 0.779710 0.800000 0.150725 0.037500
0 0.778986 0.845833 0.149275 0.033333
5 0.231159 0.658333 0.149275 0.087500
5 0.387681 0.656250 0.152174 0.083333
8 0.303623 0.792708 0.178261 0.031250
