0 0.218667 0.345833 0.133333 0.083333
0 0.384667 0.345833 0.156000 0.087500
0 0.678000 0.344792 0.316000 0.085417
0 0.306667 0.539583 0.317333 0.087500
0 0.676000 0.541667 0.317333 0.083333
2 0.172000 0.915625 0.045333 0.064583
2 0.426667 0.913542 0.045333 0.068750
2 0.686000 0.916667 0.044000 0.066667
5 0.218000 0.314583 0.145333 0.158333
5 0.386000 0.315625 0.158667 0.156250
5 0.678667 0.315625 0.325333 0.156250
5 0.307333 0.511458 0.324000 0.152083
5 0.676000 0.510417 0.325333 0.154167
4 0.249333 0.914583 0.208000 0.075000
4 0.504667 0.914583 0.209333 0.079167
4 0.730000 0.915625 0.140000 0.077083
