0 0.563903 0.321053 0.298791 0.047368
0 0.564767 0.397368 0.300518 0.047368
3 0.487047 0.472368 0.138169 0.039474
2 0.436960 0.547368 0.017271 0.031579
2 0.520725 0.546053 0.018998 0.034211
2 0.604491 0.547368 0.017271 0.031579
2 0.713299 0.546053 0.017271 0.034211
2 0.791019 0.546053 0.013817 0.028947
4 0.435233 0.622368 0.017271 0.034211
4 0.526770 0.621053 0.020725 0.031579
4 0.595855 0.621053 0.020725 0.036842
0 0.585492 0.769737 0.341969 0.176316
1 0.470639 0.914474 0.094991 0.039474
1 0.566494 0.917105 0.075993 0.039474
