0 0.554167 0.115629 0.445833 0.040661
0 0.555208 0.174714 0.456250 0.039390
0 0.560417 0.233799 0.462500 0.038119
0 0.553125 0.376112 0.456250 0.116900
0 0.554167 0.484117 0.454167 0.040661
0 0.554167 0.543202 0.450000 0.041931
0 0.556250 0.747776 0.458333 0.041931
0 0.554167 0.806226 0.466667 0.039390
0 0.553125 0.865311 0.456250 0.038119
2 0.150000 0.685515 0.041667 0.021601
2 0.357292 0.684244 0.031250 0.024142
2 0.572917 0.686150 0.029167 0.027954
3 0.497917 0.925667 0.270833 0.054638
5 0.445833 0.114994 0.675000 0.044473
5 0.444792 0.174079 0.685417 0.043202
5 0.453125 0.233164 0.689583 0.041931
5 0.446875 0.375476 0.677083 0.120712
5 0.447917 0.484752 0.675000 0.047014
5 0.444792 0.542567 0.677083 0.045743
5 0.448958 0.746506 0.685417 0.047014
5 0.450000 0.805591 0.691667 0.045743
5 0.446875 0.864676 0.681250 0.044473
