7 0.313688 0.404943 0.049430 0.064639
7 0.313688 0.467681 0.057034 0.060837
7 0.315589 0.538023 0.053232 0.057034
7 0.604563 0.403042 0.053232 0.053232
7 0.602662 0.469582 0.057034 0.057034
7 0.606464 0.536122 0.049430 0.060837
2 0.598859 0.315589 0.041825 0.045627
2 0.427757 0.317490 0.041825 0.049430
3 0.408745 0.903042 0.247148 0.110266
0 0.528517 0.209125 0.479087 0.106464
0 0.526616 0.705323 0.490494 0.216730
5 0.450570 0.207224 0.642586 0.117871
4 0.460076 0.317490 0.121673 0.057034
4 0.640684 0.317490 0.140684 0.057034
8 0.418251 0.404943 0.273764 0.072243
8 0.701521 0.403042 0.262357 0.068441
8 0.399240 0.471483 0.243346 0.060837
8 0.728137 0.469582 0.323194 0.064639
8 0.697719 0.536122 0.247148 0.068441
8 0.397338 0.538023 0.231939 0.064639
8 0.452471 0.705323 0.646388 0.224335
