0 0.155000 0.239352 0.165000 0.078704
0 0.338750 0.240278 0.176250 0.078704
0 0.248750 0.388426 0.351250 0.078704
0 0.749062 0.239815 0.351875 0.079630
0 0.750625 0.387037 0.351250 0.075926
3 0.749062 0.537963 0.351875 0.075926
3 0.750000 0.683796 0.350000 0.073148
3 0.125000 0.536574 0.102500 0.073148
3 0.237500 0.537963 0.101250 0.075926
3 0.362812 0.537500 0.126875 0.075000
3 0.125000 0.684722 0.100000 0.075000
3 0.243125 0.685185 0.112500 0.075926
3 0.368437 0.685185 0.113125 0.075926
