0 0.625385 0.143182 0.238462 0.095455
0 0.680000 0.359091 0.344615 0.090909
0 0.611538 0.254545 0.210769 0.100000
0 0.610769 0.463636 0.206154 0.100000
0 0.610000 0.577273 0.204615 0.109091
0 0.610769 0.679545 0.206154 0.095455
0 0.610000 0.788636 0.207692 0.095455
5 0.376923 0.140909 0.744615 0.109091
5 0.362308 0.250000 0.718462 0.127273
5 0.429231 0.354545 0.852308 0.109091
5 0.360000 0.459091 0.713846 0.118182
5 0.360000 0.575000 0.710769 0.122727
5 0.360769 0.679545 0.712308 0.104545
5 0.359231 0.786364 0.715385 0.118182
