6 0.736000 0.208995 0.456000 0.058201
6 0.734000 0.613757 0.457333 0.058201
6 0.735333 0.511905 0.454667 0.060847
6 0.734667 0.414021 0.461333 0.050265
6 0.732667 0.308201 0.457333 0.060847
0 0.734667 0.779101 0.453333 0.166667
3 0.881333 0.948413 0.162667 0.055556
9 0.675333 0.206349 0.585333 0.068783
9 0.674667 0.306878 0.581333 0.068783
9 0.675333 0.414021 0.585333 0.066138
9 0.675333 0.511905 0.582667 0.071429
9 0.674000 0.613757 0.582667 0.068783
9 0.674000 0.779101 0.582667 0.177249
