0 0.315476 0.121277 0.342593 0.089362
0 0.685185 0.434043 0.341270 0.089362
0 0.685185 0.278723 0.346561 0.085106
0 0.684524 0.122340 0.345238 0.087234
0 0.315476 0.432979 0.342593 0.087234
0 0.315476 0.277660 0.342593 0.087234
0 0.499339 0.714894 0.712963 0.293617
3 0.730159 0.926596 0.256614 0.087234
5 0.315476 0.102128 0.347884 0.136170
5 0.685185 0.102128 0.351852 0.136170
5 0.314815 0.258511 0.349206 0.138298
5 0.686508 0.260638 0.354497 0.134043
5 0.314815 0.414894 0.349206 0.131915
5 0.683862 0.415957 0.349206 0.134043
5 0.499339 0.693617 0.720899 0.340426
