0 0.605114 0.159176 0.534091 0.052434
0 0.607955 0.218165 0.534091 0.050562
0 0.605114 0.279963 0.534091 0.050562
7 0.372159 0.334270 0.039773 0.028090
7 0.376420 0.389513 0.053977 0.026217
7 0.370739 0.441948 0.048295 0.026217
7 0.366477 0.493446 0.045455 0.028090
7 0.372159 0.547753 0.045455 0.031835
0 0.464489 0.710674 0.821023 0.185393
3 0.786932 0.902622 0.227273 0.048689
0 0.181818 0.840824 0.255682 0.048689
5 0.467330 0.156367 0.821023 0.058052
5 0.468750 0.219101 0.829545 0.059925
5 0.467330 0.279963 0.815341 0.054307
8 0.225852 0.335206 0.338068 0.037453
8 0.234375 0.390449 0.355114 0.035581
8 0.228693 0.442884 0.343750 0.031835
8 0.224432 0.494382 0.346591 0.037453
8 0.227273 0.548689 0.346591 0.041199
5 0.465909 0.693820 0.835227 0.222846
