0 0.185385 0.173205 0.275385 0.029215
0 0.483846 0.172788 0.287692 0.026711
0 0.179231 0.216611 0.287692 0.025876
0 0.179231 0.272538 0.290769 0.024207
0 0.179231 0.317613 0.287692 0.027546
2 0.053846 0.341820 0.030769 0.015860
0 0.245385 0.435726 0.290769 0.023372
0 0.176154 0.549666 0.296923 0.025876
0 0.483846 0.550083 0.290769 0.025042
0 0.139231 0.595159 0.213846 0.025042
0 0.180769 0.648998 0.287692 0.025876
3 0.373846 0.649416 0.061538 0.018364
3 0.456923 0.648998 0.086154 0.019199
4 0.054615 0.683639 0.016923 0.020033
4 0.159231 0.685309 0.023077 0.010017
0 0.088462 0.733306 0.103077 0.024207
2 0.178462 0.935309 0.286154 0.015860
