0 0.492308 0.192451 0.689231 0.024664
0 0.496154 0.233558 0.684615 0.020179
0 0.495385 0.274664 0.686154 0.018685
0 0.492308 0.362481 0.689231 0.019432
4 0.199231 0.453662 0.020000 0.010463
4 0.283077 0.454036 0.018462 0.008221
4 0.366923 0.453288 0.016923 0.008221
4 0.456154 0.453662 0.020000 0.008969
4 0.542308 0.453662 0.020000 0.010463
0 0.497692 0.491031 0.684615 0.020927
0 0.326923 0.532885 0.333846 0.020927
0 0.673077 0.533259 0.336923 0.021674
0 0.496923 0.629671 0.686154 0.020179
0 0.496154 0.672272 0.687692 0.018685
0 0.323846 0.713378 0.340000 0.020179
0 0.673077 0.713378 0.333846 0.020179
3 0.500000 0.754858 0.686154 0.014948
1 0.315385 0.896114 0.313846 0.032885
