0 0.333846 0.310409 0.335385 0.048327
0 0.332308 0.371747 0.335385 0.048327
0 0.331538 0.431227 0.336923 0.048327
0 0.332308 0.750929 0.335385 0.048327
0 0.245385 0.810409 0.158462 0.048327
0 0.416923 0.811338 0.166154 0.050186
0 0.206923 0.869888 0.087692 0.052045
3 0.268462 0.952602 0.213846 0.065056
5 0.277692 0.310409 0.453846 0.052045
5 0.278462 0.370818 0.449231 0.050186
5 0.279231 0.429368 0.450769 0.052045
5 0.274615 0.750929 0.450769 0.052045
5 0.189231 0.810409 0.273846 0.052045
5 0.152308 0.869888 0.203077 0.052045
