0 0.476994 0.281922 0.398773 0.030341
0 0.477761 0.324905 0.403374 0.032870
0 0.480061 0.368521 0.401840 0.034134
0 0.476994 0.485461 0.398773 0.032870
0 0.479294 0.621365 0.403374 0.140329
0 0.480061 0.526549 0.392638 0.026549
6 0.114264 0.781922 0.023006 0.016435
6 0.305215 0.781290 0.018405 0.017699
6 0.500767 0.781290 0.016871 0.015171
6 0.692485 0.781290 0.023006 0.017699
6 0.112730 0.823641 0.019939 0.016435
6 0.306748 0.823009 0.021472 0.017699
6 0.499233 0.822377 0.019939 0.016435
6 0.694018 0.823641 0.016871 0.016435
2 0.185583 0.907080 0.233129 0.056890
4 0.390337 0.281922 0.578221 0.035398
4 0.392638 0.324905 0.576687 0.035398
4 0.393405 0.368521 0.584356 0.039191
4 0.391871 0.485461 0.578221 0.037927
4 0.389571 0.526549 0.585890 0.034134
4 0.391871 0.623894 0.584356 0.147914
7 0.145706 0.783818 0.098160 0.022756
7 0.328221 0.782554 0.073620 0.022756
7 0.559816 0.783818 0.141104 0.022756
7 0.735429 0.783186 0.118098 0.024020
7 0.722393 0.823641 0.079755 0.021492
7 0.539110 0.823641 0.108896 0.021492
7 0.368865 0.824905 0.154908 0.024020
7 0.167178 0.824273 0.138037 0.020228
0 0.487730 0.048673 0.739264 0.034134
