3 0.176923 0.104598 0.341538 0.080460
0 0.210000 0.304598 0.407692 0.080460
0 0.623846 0.529885 0.407692 0.080460
0 0.210000 0.527586 0.407692 0.080460
0 0.623846 0.414943 0.407692 0.080460
0 0.210000 0.414943 0.407692 0.080460
0 0.623846 0.302299 0.407692 0.080460
0 0.209231 0.643678 0.406154 0.078161
0 0.520769 0.641379 0.201538 0.078161
0 0.726923 0.641379 0.198462 0.078161
2 0.032308 0.754023 0.024615 0.041379
2 0.233846 0.752874 0.024615 0.039080
3 0.145385 0.951724 0.275385 0.078161
4 0.078462 0.751724 0.126154 0.045977
4 0.287692 0.751724 0.144615 0.045977
