1 0.152079 0.148684 0.028446 0.034211
1 0.229759 0.147368 0.026258 0.031579
1 0.319475 0.148684 0.026258 0.034211
0 0.294311 0.227632 0.369803 0.055263
0 0.324945 0.273684 0.378556 0.052632
0 0.368709 0.317105 0.374179 0.055263
0 0.285558 0.365789 0.369803 0.052632
0 0.183807 0.414474 0.157549 0.050000
6 0.262582 0.493421 0.035011 0.034211
6 0.366521 0.493421 0.028446 0.034211
6 0.060175 0.535526 0.032823 0.034211
6 0.181619 0.536842 0.030635 0.036842
0 0.343545 0.825000 0.621444 0.223684
3 0.166302 0.147368 0.065646 0.042105
3 0.251641 0.146053 0.078775 0.044737
3 0.346827 0.147368 0.089716 0.042105
4 0.262582 0.227632 0.446389 0.060526
4 0.280088 0.273684 0.477024 0.057895
4 0.299781 0.317105 0.516411 0.060526
4 0.256018 0.365789 0.433260 0.057895
4 0.153173 0.415789 0.227571 0.052632
7 0.291028 0.492105 0.100656 0.042105
7 0.407002 0.493421 0.113786 0.044737
7 0.098468 0.535526 0.113786 0.044737
7 0.229759 0.535526 0.126915 0.044737
