0 0.497601 0.151042 0.977927 0.064904
0 0.497601 0.288462 0.977927 0.068910
0 0.499040 0.426683 0.978887 0.066506
4 0.018954 0.555689 0.019674 0.034455
4 0.115883 0.556490 0.020633 0.032853
4 0.183061 0.557292 0.026392 0.034455
4 0.277591 0.558093 0.021593 0.036058
4 0.350528 0.558093 0.020633 0.032853
4 0.411948 0.558093 0.023512 0.029647
0 0.164107 0.731571 0.312860 0.072115
0 0.499040 0.733173 0.314779 0.065705
0 0.163628 0.870994 0.309981 0.068910
0 0.497601 0.869792 0.313820 0.069712
1 0.074856 0.957532 0.131478 0.068910
