0 0.406844 0.126464 0.669202 0.051522
0 0.406844 0.262295 0.669202 0.056206
0 0.353612 0.398126 0.562738 0.060890
0 0.408745 0.536300 0.665399 0.056206
0 0.408745 0.667447 0.665399 0.051522
0 0.404943 0.802108 0.665399 0.053864
3 0.212928 0.891101 0.273764 0.053864
5 0.404943 0.110070 0.680608 0.093677
5 0.404943 0.247073 0.680608 0.096019
5 0.353612 0.382904 0.577947 0.100703
5 0.406844 0.519906 0.676806 0.093677
5 0.406844 0.651054 0.676806 0.093677
5 0.404943 0.785714 0.680608 0.096019
