0 0.476905 0.039049 0.330254 0.050934
0 0.476905 0.109508 0.330254 0.049236
0 0.476905 0.179966 0.339492 0.050934
0 0.476905 0.252122 0.339492 0.049236
0 0.474596 0.321732 0.334873 0.049236
0 0.475751 0.390492 0.337182 0.047538
0 0.754042 0.390492 0.127021 0.047538
0 0.449192 0.460102 0.284065 0.050934
0 0.777136 0.460951 0.228637 0.052632
0 0.478060 0.529711 0.341801 0.047538
0 0.566975 0.599321 0.515012 0.047538
0 0.573903 0.715620 0.533487 0.147708
7 0.317552 0.825127 0.043880 0.027165
3 0.496536 0.933786 0.189376 0.047538
5 0.422633 0.037351 0.448037 0.057725
5 0.429561 0.109508 0.443418 0.056027
5 0.409931 0.179966 0.482679 0.054329
5 0.406467 0.251273 0.494226 0.054329
5 0.442263 0.320883 0.408776 0.054329
5 0.412240 0.391341 0.473441 0.056027
5 0.737875 0.391341 0.168591 0.052632
5 0.498845 0.392190 0.397229 0.054329
5 0.393764 0.460951 0.413395 0.052632
5 0.742494 0.461800 0.307159 0.061121
5 0.404157 0.529711 0.508083 0.054329
5 0.503464 0.599321 0.651270 0.054329
5 0.478060 0.714771 0.739030 0.156197
8 0.498845 0.826825 0.424942 0.033956
