0 0.613475 0.157895 0.617021 0.047368
0 0.609929 0.217105 0.617021 0.044737
0 0.608156 0.275000 0.613475 0.044737
0 0.609929 0.334211 0.617021 0.047368
0 0.608156 0.392105 0.613475 0.047368
0 0.609929 0.450000 0.617021 0.047368
0 0.608156 0.507895 0.613475 0.047368
0 0.608156 0.568421 0.613475 0.047368
0 0.608156 0.626316 0.620567 0.047368
0 0.611702 0.684211 0.620567 0.047368
0 0.609929 0.740789 0.617021 0.050000
0 0.609929 0.800000 0.617021 0.047368
1 0.576241 0.939474 0.202128 0.063158
