0 0.499013 0.261607 0.678289 0.076786
0 0.323684 0.375446 0.325000 0.079464
0 0.676645 0.375893 0.325658 0.078571
0 0.500000 0.510714 0.678947 0.075000
0 0.501645 0.624554 0.678289 0.075893
7 0.174342 0.810714 0.021053 0.032143
7 0.176645 0.881250 0.021711 0.032143
7 0.174671 0.952232 0.019079 0.027679
2 0.555263 0.811161 0.027632 0.040179
2 0.555592 0.886607 0.023026 0.039286
8 0.230263 0.811607 0.140789 0.037500
8 0.256250 0.881696 0.187500 0.038393
4 0.603618 0.812500 0.133553 0.048214
4 0.622368 0.886161 0.163158 0.045536
8 0.260855 0.952679 0.199342 0.035714
