0 0.312500 0.085526 0.297414 0.028947
0 0.747845 0.086842 0.297414 0.036842
0 0.463362 0.156579 0.538793 0.034211
0 0.461207 0.197368 0.534483 0.031579
0 0.456897 0.242105 0.543103 0.031579
0 0.344828 0.313158 0.534483 0.031579
0 0.459052 0.373684 0.530172 0.031579
0 0.301724 0.419737 0.206897 0.028947
3 0.403017 0.464474 0.400862 0.028947
0 0.532328 0.563158 0.676724 0.142105
0 0.459052 0.661842 0.530172 0.034211
0 0.461207 0.706579 0.534483 0.034211
0 0.459052 0.748684 0.538793 0.034211
3 0.433190 0.793421 0.469828 0.028947
0 0.461207 0.835526 0.534483 0.034211
0 0.456897 0.877632 0.534483 0.028947
0 0.459052 0.922368 0.530172 0.034211
1 0.506466 0.968421 0.331897 0.031579
