0 0.488827 0.148918 0.508380 0.034942
3 0.489758 0.188020 0.506518 0.033278
0 0.485102 0.227953 0.512104 0.029950
0 0.392924 0.268719 0.324022 0.028286
3 0.655493 0.266223 0.197393 0.033278
3 0.310056 0.307820 0.154562 0.036606
4 0.249534 0.374376 0.037244 0.023295
4 0.563315 0.373544 0.027933 0.024958
0 0.392924 0.444260 0.324022 0.029950
0 0.417132 0.479201 0.368715 0.033278
1 0.656425 0.481697 0.109870 0.034942
3 0.292365 0.522463 0.115456 0.036606
0 0.459032 0.597338 0.452514 0.106489
0 0.457169 0.711314 0.445065 0.104825
0 0.459963 0.821963 0.454376 0.106489
0 0.416201 0.896007 0.366853 0.031614
1 0.655493 0.898502 0.111732 0.036606
0 0.346369 0.934276 0.230912 0.031614
0 0.393855 0.976705 0.329609 0.029950
