0 0.559715 0.175000 0.367201 0.060526
0 0.561497 0.276316 0.363636 0.057895
0 0.490196 0.378947 0.224599 0.052632
0 0.446524 0.477632 0.133690 0.055263
2 0.548128 0.473684 0.019608 0.026316
2 0.666667 0.473684 0.014260 0.031579
0 0.411765 0.573684 0.067736 0.052632
0 0.534759 0.572368 0.057041 0.055263
0 0.414439 0.672368 0.069519 0.060526
0 0.560606 0.773684 0.368984 0.063158
5 0.491087 0.175000 0.508021 0.071053
5 0.501783 0.276316 0.486631 0.063158
5 0.436720 0.377632 0.335116 0.060526
5 0.394831 0.476316 0.240642 0.063158
4 0.590909 0.473684 0.115865 0.036842
4 0.719251 0.475000 0.126560 0.039474
5 0.335116 0.572368 0.224599 0.060526
5 0.509804 0.572368 0.114082 0.060526
5 0.592692 0.572368 0.180036 0.060526
5 0.344029 0.672368 0.221034 0.065789
5 0.442068 0.773684 0.613191 0.073684
