0 0.234286 0.327543 0.311429 0.054591
0 0.236429 0.419355 0.310000 0.049628
7 0.087143 0.465261 0.011429 0.022333
3 0.336429 0.531017 0.107143 0.064516
0 0.772857 0.279156 0.305714 0.057072
0 0.769286 0.370968 0.307143 0.052109
0 0.771429 0.462779 0.305714 0.052109
0 0.770714 0.554591 0.310000 0.052109
3 0.872857 0.632754 0.102857 0.064516
5 0.234286 0.320099 0.320000 0.079404
5 0.235714 0.409429 0.314286 0.074442
8 0.123571 0.466501 0.090000 0.029777
5 0.771429 0.272953 0.311429 0.084367
5 0.769286 0.359801 0.312857 0.079404
5 0.772143 0.452854 0.310000 0.076923
5 0.772143 0.545906 0.315714 0.079404
