0 0.548052 0.156579 0.379221 0.065789
0 0.548052 0.707895 0.384416 0.068421
0 0.549351 0.597368 0.381818 0.068421
0 0.550649 0.486842 0.384416 0.068421
0 0.548052 0.377632 0.379221 0.065789
0 0.548052 0.268421 0.379221 0.068421
2 0.381818 0.806579 0.025974 0.023684
2 0.481818 0.806579 0.023377 0.023684
3 0.536364 0.911842 0.179221 0.065789
7 0.088312 0.907895 0.025974 0.031579
5 0.410390 0.156579 0.670130 0.076316
5 0.410390 0.267105 0.670130 0.076316
5 0.405195 0.375000 0.670130 0.076316
5 0.410390 0.485526 0.670130 0.076316
5 0.410390 0.596053 0.670130 0.076316
5 0.410390 0.706579 0.670130 0.076316
4 0.410390 0.805263 0.098701 0.031579
4 0.524675 0.806579 0.114286 0.034211
8 0.249351 0.906579 0.358442 0.039474
