0 0.501875 0.365000 0.263750 0.063333
0 0.790625 0.362500 0.263750 0.061667
0 0.503125 0.495833 0.258750 0.058333
0 0.791250 0.495000 0.262500 0.060000
0 0.503125 0.630000 0.256250 0.063333
0 0.790000 0.630000 0.262500 0.063333
3 0.506875 0.746667 0.268750 0.060000
3 0.784375 0.745000 0.268750 0.063333
5 0.501875 0.350833 0.268750 0.095000
5 0.790000 0.350833 0.267500 0.095000
5 0.791875 0.483333 0.268750 0.086667
5 0.501250 0.483333 0.262500 0.090000
5 0.501250 0.617500 0.260000 0.091667
5 0.789375 0.616667 0.266250 0.093333
