0 0.532164 0.182895 0.345029 0.050000
0 0.530702 0.243421 0.342105 0.044737
0 0.529240 0.301316 0.345029 0.050000
0 0.530702 0.361842 0.342105 0.050000
0 0.529240 0.421053 0.345029 0.047368
4 0.378655 0.509211 0.032164 0.028947
4 0.527778 0.511842 0.038012 0.028947
2 0.266082 0.600000 0.035088 0.031579
2 0.517544 0.598684 0.029240 0.028947
3 0.258772 0.764474 0.090643 0.044737
3 0.488304 0.764474 0.093567 0.044737
3 0.707602 0.764474 0.128655 0.044737
1 0.564327 0.843421 0.134503 0.044737
1 0.555556 0.926316 0.111111 0.042105
