6 0.269074 0.276031 0.437330 0.056974
6 0.707084 0.276031 0.433243 0.056974
6 0.269755 0.393910 0.438692 0.056974
6 0.709128 0.389980 0.434605 0.056974
6 0.267711 0.520629 0.437330 0.055010
6 0.705041 0.521611 0.429155 0.056974
6 0.270436 0.634578 0.440054 0.058939
6 0.711853 0.635560 0.437330 0.056974
6 0.196866 0.746562 0.292916 0.055010
6 0.489782 0.746562 0.290191 0.058939
6 0.782016 0.747544 0.291553 0.060904
3 0.248638 0.860511 0.399183 0.078585
3 0.730926 0.858546 0.399183 0.078585
9 0.269074 0.258350 0.440054 0.096267
9 0.269755 0.377210 0.441417 0.094303
9 0.267711 0.502947 0.442779 0.094303
9 0.269755 0.620825 0.444142 0.094303
9 0.195504 0.729862 0.292916 0.096267
9 0.489782 0.730845 0.292916 0.094303
9 0.708447 0.258350 0.435967 0.096267
9 0.709128 0.374263 0.437330 0.092338
9 0.705041 0.504912 0.434605 0.098232
9 0.711853 0.618861 0.442779 0.094303
9 0.782698 0.733792 0.295640 0.096267
