0 0.362857 0.133333 0.228571 0.070175
0 0.362857 0.222807 0.231429 0.066667
0 0.362143 0.321053 0.232857 0.066667
0 0.362143 0.412281 0.230000 0.066667
0 0.362143 0.507018 0.232857 0.066667
0 0.362143 0.596491 0.232857 0.063158
2 0.258571 0.694737 0.017143 0.049123
2 0.354286 0.694737 0.017143 0.049123
7 0.259286 0.775439 0.021429 0.056140
3 0.312857 0.866667 0.131429 0.077193
5 0.330714 0.129825 0.298571 0.084211
5 0.342143 0.222807 0.275714 0.080702
5 0.298571 0.321053 0.368571 0.080702
5 0.310000 0.412281 0.342857 0.080702
5 0.260000 0.507018 0.440000 0.073684
5 0.303571 0.596491 0.355714 0.077193
4 0.290000 0.692982 0.088571 0.059649
4 0.386429 0.694737 0.090000 0.056140
8 0.417143 0.775439 0.345714 0.070175
