0 0.236842 0.054217 0.150877 0.072289
0 0.431579 0.054217 0.231579 0.072289
0 0.194737 0.221386 0.070175 0.069277
0 0.283333 0.224398 0.064912 0.069277
0 0.383333 0.224398 0.089474 0.075301
0 0.200877 0.393072 0.075439 0.075301
0 0.300877 0.391566 0.078947 0.078313
0 0.412281 0.391566 0.091228 0.072289
0 0.283333 0.561747 0.243860 0.075301
0 0.280702 0.689759 0.249123 0.072289
5 0.191228 0.054217 0.238596 0.078313
5 0.430702 0.070783 0.236842 0.111446
5 0.159649 0.219880 0.143860 0.078313
5 0.234211 0.067771 0.149123 0.111446
5 0.192982 0.236446 0.073684 0.111446
5 0.282456 0.237952 0.073684 0.108434
5 0.383333 0.236446 0.100000 0.105422
5 0.156140 0.393072 0.171930 0.087349
5 0.200000 0.403614 0.087719 0.108434
5 0.300000 0.405120 0.087719 0.111446
5 0.412281 0.405120 0.098246 0.105422
5 0.223684 0.561747 0.366667 0.087349
5 0.242982 0.689759 0.331579 0.084337
