0 0.495627 0.296296 0.798834 0.091503
0 0.495627 0.438998 0.798834 0.089325
0 0.494169 0.580610 0.801749 0.089325
0 0.180758 0.809368 0.174927 0.089325
0 0.345481 0.808279 0.113703 0.091503
0 0.478134 0.809368 0.116618 0.089325
3 0.494169 0.949891 0.311953 0.078431
5 0.492711 0.283224 0.810496 0.126362
5 0.494169 0.424837 0.813411 0.126362
5 0.494169 0.567538 0.813411 0.124183
5 0.179300 0.795207 0.183673 0.126362
5 0.346939 0.796296 0.122449 0.124183
5 0.478134 0.796296 0.122449 0.124183
