0 0.150943 0.361667 0.157603 0.041111
0 0.428968 0.362778 0.376249 0.041111
0 0.204772 0.435000 0.271920 0.038889
0 0.483352 0.435556 0.271920 0.042222
0 0.343507 0.506667 0.549390 0.042222
0 0.343507 0.578333 0.549390 0.043333
0 0.149834 0.650000 0.159822 0.042222
0 0.428413 0.651111 0.384018 0.042222
0 0.343507 0.724444 0.549390 0.044444
0 0.344617 0.797222 0.544950 0.043333
2 0.142619 0.902778 0.174251 0.054444
2 0.850166 0.902778 0.175361 0.054444
4 0.151498 0.353889 0.163152 0.061111
4 0.430633 0.355556 0.381798 0.062222
4 0.204218 0.428333 0.277469 0.056667
4 0.486127 0.428889 0.273030 0.060000
4 0.344062 0.500556 0.557159 0.061111
4 0.344062 0.572222 0.554939 0.062222
4 0.149279 0.643333 0.163152 0.060000
4 0.429523 0.644444 0.386238 0.060000
4 0.344062 0.717222 0.554939 0.063333
4 0.344062 0.788889 0.552719 0.062222
