6 0.100844 0.291667 0.019700 0.031250
6 0.178705 0.293403 0.019700 0.031250
6 0.264775 0.293837 0.020169 0.030382
6 0.323171 0.294271 0.019700 0.031250
6 0.389071 0.293837 0.019231 0.030382
6 0.454034 0.293403 0.017824 0.031250
6 0.511726 0.294271 0.019700 0.031250
6 0.101313 0.337674 0.018762 0.034722
2 0.271341 0.171007 0.089587 0.081597
2 0.355300 0.171007 0.085835 0.081597
2 0.438086 0.171007 0.083490 0.078125
0 0.141182 0.662326 0.124765 0.045139
0 0.282364 0.662326 0.123827 0.045139
0 0.425657 0.662326 0.122420 0.043403
0 0.141651 0.803385 0.125704 0.042535
0 0.282833 0.803385 0.124765 0.042535
0 0.425891 0.803385 0.124765 0.042535
0 0.568480 0.802517 0.124765 0.044271
2 0.114681 0.921875 0.069887 0.057292
7 0.125704 0.293403 0.074109 0.045139
7 0.207083 0.293403 0.081144 0.041667
7 0.278612 0.293837 0.054409 0.040799
7 0.339587 0.293837 0.056285 0.040799
7 0.405722 0.293837 0.058161 0.040799
7 0.467636 0.292535 0.049719 0.038194
7 0.538696 0.293837 0.077392 0.037326
7 0.133677 0.338108 0.090056 0.042535
