0 0.261700 0.255056 0.417488 0.087640
0 0.708744 0.255056 0.417488 0.083146
0 0.261084 0.424719 0.416256 0.085393
0 0.708744 0.424719 0.417488 0.085393
0 0.486453 0.658427 0.866995 0.215730
0 0.298030 0.838202 0.192118 0.080899
2 0.833744 0.837079 0.165025 0.078652
0 0.786330 0.083146 0.259852 0.058427
4 0.262931 0.238202 0.422414 0.130337
4 0.709975 0.234831 0.419951 0.132584
4 0.261084 0.406742 0.421182 0.134831
4 0.708744 0.405618 0.422414 0.132584
4 0.486453 0.639326 0.874384 0.271910
