0 0.474596 0.036946 0.321016 0.041051
0 0.468822 0.125616 0.327945 0.041051
0 0.469977 0.189655 0.325635 0.044335
0 0.469977 0.278325 0.325635 0.041051
0 0.471132 0.339901 0.327945 0.042693
0 0.469977 0.401478 0.321016 0.041051
0 0.742494 0.401478 0.113164 0.037767
0 0.443418 0.464696 0.267898 0.042693
0 0.759815 0.464696 0.212471 0.039409
0 0.469977 0.526273 0.325635 0.041051
0 0.563510 0.589491 0.503464 0.042693
0 0.572748 0.699507 0.526559 0.137931
4 0.322171 0.804598 0.039261 0.022989
1 0.570439 0.934319 0.332564 0.045977
