5 0.351818 0.284759 0.292727 0.056150
5 0.648182 0.282086 0.292727 0.056150
1 0.292727 0.391711 0.029091 0.034759
1 0.294545 0.449198 0.021818 0.032086
5 0.642727 0.411765 0.307273 0.053476
5 0.500909 0.578877 0.587273 0.050802
5 0.353636 0.705882 0.292727 0.053476
5 0.648182 0.708556 0.292727 0.053476
2 0.500000 0.799465 0.589091 0.069519
2 0.501818 0.891711 0.592727 0.066845
3 0.317273 0.390374 0.085455 0.042781
3 0.330909 0.447861 0.101818 0.040107
8 0.351818 0.271390 0.296364 0.088235
8 0.648182 0.271390 0.296364 0.082888
8 0.641818 0.398396 0.312727 0.085561
8 0.501818 0.562834 0.592727 0.088235
8 0.352727 0.695187 0.294545 0.085561
8 0.648182 0.696524 0.300000 0.088235
