6 0.353636 0.283422 0.292727 0.053476
6 0.650909 0.286096 0.298182 0.058824
2 0.291818 0.394385 0.027273 0.040107
2 0.294545 0.446524 0.021818 0.032086
6 0.640000 0.413102 0.309091 0.061497
6 0.500000 0.577540 0.585455 0.053476
6 0.354545 0.707219 0.301818 0.056150
6 0.646364 0.708556 0.289091 0.058824
3 0.500909 0.799465 0.594545 0.074866
3 0.500909 0.893048 0.594545 0.074866
4 0.317273 0.391711 0.085455 0.050802
4 0.330909 0.446524 0.101818 0.042781
9 0.353636 0.268717 0.296364 0.082888
9 0.650909 0.272727 0.301818 0.090909
9 0.500000 0.564171 0.589091 0.085561
9 0.353636 0.693850 0.303636 0.088235
9 0.648182 0.697861 0.289091 0.090909
9 0.640000 0.401070 0.312727 0.090909
