0 0.334598 0.190925 0.274659 0.039384
0 0.811836 0.349315 0.273141 0.037671
0 0.810319 0.295377 0.276176 0.039384
0 0.810319 0.242295 0.279211 0.039384
0 0.812595 0.189212 0.274659 0.039384
0 0.333839 0.348459 0.273141 0.039384
0 0.333080 0.296233 0.277693 0.037671
0 0.333080 0.244007 0.274659 0.039384
0 0.289833 0.405822 0.172989 0.041096
0 0.760243 0.510274 0.172989 0.041096
0 0.761760 0.455479 0.172989 0.041096
0 0.760243 0.402397 0.169954 0.037671
0 0.286798 0.616438 0.172989 0.041096
0 0.285281 0.563356 0.172989 0.041096
0 0.285281 0.510274 0.172989 0.041096
0 0.288316 0.457192 0.172989 0.041096
0 0.760243 0.565068 0.172989 0.041096
0 0.758725 0.616438 0.172989 0.041096
0 0.452959 0.403253 0.059181 0.039384
0 0.929439 0.613870 0.059181 0.039384
0 0.930197 0.561644 0.057663 0.041096
0 0.929439 0.506849 0.062215 0.041096
0 0.929439 0.454623 0.059181 0.039384
0 0.930197 0.401541 0.060698 0.039384
0 0.452200 0.454623 0.060698 0.042808
0 0.452959 0.508562 0.056146 0.041096
0 0.452200 0.560788 0.060698 0.039384
0 0.452200 0.613014 0.060698 0.041096
2 0.505311 0.940925 0.142640 0.039384
4 0.245827 0.190925 0.455235 0.046233
4 0.247344 0.244863 0.452200 0.044521
4 0.248103 0.295377 0.453718 0.042808
4 0.246586 0.349315 0.450683 0.044521
4 0.200303 0.405822 0.358118 0.044521
4 0.437785 0.404110 0.095599 0.044521
4 0.198027 0.457192 0.359636 0.047945
4 0.196510 0.510274 0.359636 0.047945
4 0.193475 0.563356 0.359636 0.047945
4 0.194992 0.616438 0.359636 0.047945
4 0.434750 0.455479 0.095599 0.044521
4 0.434750 0.508562 0.095599 0.044521
4 0.434750 0.559932 0.095599 0.044521
4 0.436267 0.611301 0.095599 0.044521
4 0.911229 0.400685 0.101669 0.044521
4 0.909712 0.613014 0.101669 0.044521
4 0.909712 0.559932 0.101669 0.044521
4 0.912747 0.505137 0.101669 0.044521
4 0.909712 0.453767 0.101669 0.044521
4 0.739757 0.188356 0.423369 0.047945
4 0.739757 0.242295 0.423369 0.046233
4 0.738998 0.297089 0.427921 0.046233
4 0.738998 0.349315 0.424886 0.044521
4 0.685129 0.402397 0.323217 0.044521
4 0.686646 0.455479 0.323217 0.044521
4 0.686646 0.510274 0.323217 0.044521
4 0.686646 0.565068 0.323217 0.044521
4 0.683612 0.616438 0.323217 0.044521
