0 0.498319 0.363712 0.472269 0.041806
0 0.498319 0.422241 0.475630 0.045151
0 0.497479 0.480769 0.473950 0.045151
0 0.495798 0.538462 0.480672 0.046823
0 0.622689 0.622910 0.223529 0.045151
0 0.497479 0.705686 0.477311 0.046823
0 0.495798 0.764214 0.477311 0.046823
2 0.273109 0.589465 0.028571 0.025084
2 0.272269 0.624582 0.026891 0.031773
7 0.688235 0.839465 0.038655 0.030100
3 0.489076 0.915552 0.205042 0.058528
5 0.464706 0.363712 0.542857 0.048495
5 0.450420 0.422241 0.574790 0.048495
5 0.439496 0.480769 0.596639 0.048495
5 0.456303 0.538462 0.566387 0.053512
4 0.308403 0.591137 0.112605 0.031773
4 0.375630 0.625418 0.243697 0.040134
5 0.515966 0.624582 0.443697 0.048495
5 0.465546 0.704849 0.544538 0.051839
5 0.469748 0.764214 0.536134 0.053512
8 0.580672 0.839465 0.263866 0.036789
