0 0.126347 0.184375 0.199892 0.042188
2 0.126886 0.262109 0.069504 0.046094
2 0.044450 0.980469 0.087823 0.032813
0 0.857489 0.168359 0.199892 0.041406
0 0.856950 0.219141 0.199892 0.041406
0 0.857489 0.269141 0.199892 0.041406
0 0.858028 0.318359 0.199892 0.041406
0 0.857489 0.370703 0.199892 0.041406
1 0.805765 0.422656 0.011315 0.017188
1 0.887662 0.422266 0.008082 0.014844
6 0.944235 0.471484 0.009159 0.014844
2 0.857489 0.547266 0.071659 0.044531
3 0.837554 0.422656 0.077047 0.023438
3 0.904634 0.421875 0.044181 0.018750
7 0.858297 0.472266 0.184267 0.019531
