3 0.468313 0.177865 0.125103 0.018229
0 0.550206 0.204427 0.297119 0.017188
0 0.549794 0.229427 0.297942 0.019271
0 0.549383 0.256771 0.295473 0.018750
0 0.483539 0.282292 0.165432 0.018750
3 0.551440 0.335938 0.293004 0.017708
0 0.548560 0.361719 0.298765 0.018229
2 0.717284 0.363542 0.017284 0.010417
2 0.718519 0.389583 0.018107 0.010417
0 0.549383 0.388281 0.297119 0.019271
3 0.509465 0.416927 0.209053 0.018229
3 0.509877 0.444792 0.209877 0.017708
3 0.509877 0.497656 0.209877 0.018229
0 0.509877 0.472135 0.213169 0.019271
0 0.485597 0.523958 0.162963 0.019792
4 0.414815 0.548958 0.019753 0.010417
4 0.477366 0.549219 0.018107 0.010937
4 0.414403 0.574219 0.015638 0.009896
4 0.476543 0.573698 0.016461 0.009896
4 0.415226 0.602083 0.018930 0.010417
4 0.477366 0.602344 0.016461 0.010937
1 0.621811 0.816667 0.132510 0.028125
1 0.759671 0.816927 0.128395 0.027604
1 0.443621 0.308073 0.075720 0.020313
1 0.518107 0.309115 0.076543 0.020313
