0 0.228906 0.275997 0.270313 0.045927
0 0.551172 0.275130 0.271094 0.045927
0 0.229687 0.374783 0.273438 0.045927
3 0.551562 0.375650 0.273438 0.044194
0 0.229297 0.474003 0.274219 0.041594
0 0.551172 0.471837 0.272656 0.044194
0 0.228125 0.572357 0.273438 0.044194
0 0.551953 0.571057 0.272656 0.045061
3 0.229687 0.670277 0.270313 0.044194
2 0.106250 0.767331 0.020313 0.021664
2 0.103125 0.811092 0.018750 0.020797
2 0.103125 0.853553 0.018750 0.022530
2 0.425391 0.766464 0.017969 0.021664
2 0.426953 0.811092 0.016406 0.022530
2 0.426563 0.853120 0.020313 0.023397
1 0.142969 0.931976 0.093750 0.056326
