0 0.302500 0.179340 0.205000 0.025825
0 0.298333 0.237446 0.206667 0.027260
0 0.300000 0.313486 0.206667 0.024390
0 0.298333 0.357963 0.206667 0.024390
0 0.300000 0.401722 0.210000 0.025825
3 0.257500 0.446915 0.108333 0.024390
3 0.343333 0.447633 0.056667 0.022956
0 0.435833 0.446915 0.125000 0.024390
0 0.155000 0.610473 0.263333 0.024390
0 0.438333 0.718795 0.153333 0.025825
2 0.036667 0.818508 0.026667 0.021521
2 0.038333 0.868006 0.030000 0.020086
1 0.340833 0.962697 0.315000 0.034433
