0 0.270115 0.217629 0.425287 0.073323
0 0.725096 0.217629 0.423372 0.073323
0 0.498084 0.340874 0.885057 0.073323
0 0.498084 0.463339 0.885057 0.071763
0 0.271073 0.619345 0.427203 0.071763
0 0.725096 0.617785 0.431034 0.068643
0 0.499042 0.772231 0.883142 0.071763
7 0.077586 0.840874 0.036398 0.021841
3 0.157088 0.921997 0.191571 0.046802
5 0.269157 0.205148 0.434866 0.104524
5 0.726054 0.205148 0.432950 0.104524
5 0.498084 0.329173 0.892720 0.099844
5 0.498084 0.451638 0.896552 0.101404
5 0.273946 0.606864 0.436782 0.102964
5 0.724138 0.605304 0.436782 0.102964
5 0.500000 0.760530 0.892720 0.104524
8 0.351533 0.841654 0.591954 0.029641
