0 0.669075 0.230263 0.430636 0.044737
0 0.667630 0.293421 0.427746 0.044737
0 0.667630 0.361842 0.427746 0.044737
0 0.670520 0.430263 0.427746 0.044737
0 0.669075 0.496053 0.430636 0.044737
0 0.670520 0.565789 0.427746 0.042105
2 0.488439 0.634211 0.028902 0.031579
2 0.627168 0.634211 0.028902 0.031579
0 0.530347 0.703947 0.135838 0.039474
0 0.658960 0.703947 0.109827 0.039474
0 0.783237 0.705263 0.115607 0.036842
3 0.439306 0.856579 0.144509 0.039474
3 0.579480 0.857895 0.118497 0.042105
5 0.504335 0.227632 0.765896 0.055263
5 0.502890 0.292105 0.768786 0.052632
5 0.501445 0.361842 0.765896 0.050000
5 0.504335 0.430263 0.765896 0.050000
5 0.502890 0.496053 0.768786 0.050000
5 0.505780 0.565789 0.763006 0.047368
4 0.531792 0.634211 0.127168 0.036842
4 0.689306 0.634211 0.164740 0.042105
5 0.362717 0.703947 0.476879 0.044737
