0 0.240181 0.136842 0.438066 0.073684
0 0.240181 0.263158 0.438066 0.073684
0 0.240181 0.390789 0.441088 0.071053
0 0.239426 0.519737 0.439577 0.071053
0 0.240181 0.700000 0.441088 0.173684
3 0.053625 0.842105 0.064955 0.052632
3 0.546073 0.805263 0.043807 0.052632
3 0.548338 0.184211 0.054381 0.052632
0 0.741692 0.101316 0.441088 0.071053
0 0.740937 0.446053 0.439577 0.171053
0 0.742447 0.721053 0.439577 0.073684
5 0.240937 0.126316 0.445619 0.105263
5 0.239426 0.255263 0.442598 0.100000
5 0.240181 0.377632 0.444109 0.097368
5 0.239426 0.506579 0.445619 0.097368
5 0.239426 0.688158 0.445619 0.202632
5 0.740181 0.426316 0.447130 0.221053
5 0.741692 0.698684 0.447130 0.123684
