0 0.360833 0.373652 0.241667 0.041602
0 0.796667 0.374422 0.240000 0.040062
0 0.579167 0.453775 0.678333 0.038521
0 0.578333 0.570878 0.676667 0.041602
0 0.579167 0.761941 0.675000 0.041602
0 0.438333 0.841294 0.393333 0.036980
0 0.634167 0.956086 0.571667 0.041602
5 0.722500 0.373652 0.391667 0.044684
5 0.287500 0.373652 0.395000 0.047766
5 0.509167 0.453775 0.828333 0.041602
5 0.506667 0.570878 0.823333 0.047766
5 0.506667 0.761171 0.826667 0.046225
5 0.364167 0.840524 0.548333 0.041602
5 0.507500 0.956086 0.831667 0.047766
