0 0.272143 0.028862 0.270000 0.030560
0 0.270714 0.081494 0.272857 0.030560
0 0.270714 0.132428 0.270000 0.033956
0 0.270714 0.199491 0.272857 0.032258
0 0.271429 0.249576 0.271429 0.030560
0 0.271429 0.318336 0.271429 0.032258
0 0.270000 0.369270 0.271429 0.028862
0 0.270000 0.419355 0.268571 0.030560
0 0.272857 0.470289 0.268571 0.030560
0 0.169286 0.522071 0.067143 0.035654
3 0.245714 0.522071 0.062857 0.032258
0 0.205000 0.572156 0.138571 0.033956
0 0.356429 0.573005 0.101429 0.028862
0 0.177143 0.640068 0.077143 0.030560
0 0.262143 0.640068 0.075714 0.027165
0 0.350000 0.639219 0.077143 0.028862
0 0.263571 0.691002 0.250000 0.027165
0 0.287857 0.742784 0.298571 0.028862
0 0.271429 0.793718 0.271429 0.032258
0 0.792857 0.072156 0.268571 0.035654
0 0.792143 0.124788 0.272857 0.032258
0 0.700000 0.177419 0.074286 0.028862
0 0.785000 0.177419 0.078571 0.028862
0 0.870714 0.176570 0.075714 0.027165
0 0.785000 0.227504 0.250000 0.027165
0 0.792857 0.337012 0.271429 0.032258
0 0.792857 0.393888 0.271429 0.033956
0 0.793571 0.446520 0.272857 0.030560
0 0.792857 0.506791 0.271429 0.032258
0 0.807143 0.561121 0.297143 0.028862
0 0.787857 0.606961 0.270000 0.028862
0 0.790000 0.733447 0.271429 0.030560
0 0.790000 0.783531 0.271429 0.032258
0 0.792143 0.834465 0.267143 0.028862
0 0.687857 0.887097 0.070000 0.032258
0 0.723571 0.938031 0.141429 0.028862
0 0.874286 0.938031 0.102857 0.028862
5 0.235714 0.028862 0.348571 0.033956
5 0.236429 0.080645 0.347143 0.035654
5 0.250000 0.131579 0.314286 0.039049
5 0.227857 0.198642 0.364286 0.037351
5 0.238571 0.248727 0.342857 0.035654
5 0.212857 0.316638 0.391429 0.039049
5 0.242857 0.368421 0.331429 0.033956
5 0.255714 0.419355 0.302857 0.037351
5 0.253571 0.469440 0.312857 0.035654
5 0.139286 0.522071 0.130000 0.039049
5 0.183571 0.572156 0.184286 0.037351
5 0.135000 0.640068 0.164286 0.033956
5 0.239286 0.690153 0.307143 0.032258
5 0.230714 0.741935 0.415714 0.033956
5 0.218571 0.794567 0.380000 0.033956
5 0.756429 0.072156 0.347143 0.042445
5 0.757143 0.123939 0.348571 0.037351
5 0.655714 0.176570 0.165714 0.033956
5 0.760000 0.226655 0.308571 0.032258
5 0.772857 0.336163 0.317143 0.037351
5 0.749286 0.393888 0.364286 0.037351
5 0.760714 0.446520 0.344286 0.037351
5 0.734286 0.505942 0.394286 0.037351
5 0.750714 0.560272 0.415714 0.033956
5 0.735714 0.606112 0.380000 0.033956
5 0.760000 0.732598 0.334286 0.035654
5 0.776429 0.783531 0.304286 0.035654
5 0.772143 0.832767 0.312857 0.032258
5 0.658571 0.886248 0.131429 0.037351
5 0.702143 0.937182 0.190000 0.033956
