2 0.502020 0.111392 0.034343 0.040506
2 0.634343 0.111392 0.032323 0.035443
2 0.804040 0.112658 0.032323 0.037975
0 0.670707 0.179747 0.395960 0.050633
0 0.671717 0.244304 0.397980 0.048101
0 0.672727 0.384810 0.395960 0.192405
0 0.671717 0.524051 0.397980 0.050633
0 0.671717 0.589873 0.393939 0.050633
0 0.673737 0.658228 0.393939 0.055696
0 0.519192 0.730380 0.084848 0.058228
0 0.648485 0.730380 0.084848 0.058228
0 0.803030 0.730380 0.131313 0.058228
0 0.671717 0.797468 0.397980 0.050633
0 0.671717 0.863291 0.402020 0.050633
0 0.671717 0.929114 0.397980 0.050633
4 0.514141 0.111392 0.066667 0.050633
4 0.664646 0.111392 0.101010 0.045570
4 0.830303 0.110127 0.092929 0.048101
5 0.572727 0.178481 0.595960 0.053165
5 0.591919 0.244304 0.561616 0.058228
5 0.495960 0.384810 0.757576 0.197468
5 0.551515 0.524051 0.646465 0.055696
5 0.594949 0.588608 0.555556 0.058228
5 0.591919 0.658228 0.561616 0.060759
5 0.361616 0.730380 0.408081 0.068354
5 0.555556 0.797468 0.634343 0.055696
5 0.513131 0.862025 0.719192 0.058228
5 0.465657 0.927848 0.814141 0.058228
