0 0.084211 0.169028 0.102256 0.028340
0 0.375940 0.271761 0.682707 0.027328
0 0.372932 0.327935 0.679699 0.028340
0 0.375188 0.386134 0.681203 0.027328
0 0.375940 0.441802 0.676692 0.029352
0 0.374436 0.501012 0.679699 0.028340
0 0.085714 0.557692 0.105263 0.030364
0 0.097744 0.614372 0.123308 0.028340
0 0.087970 0.671053 0.103759 0.028340
0 0.128571 0.727227 0.184962 0.029352
0 0.270677 0.856781 0.472180 0.029352
0 0.585714 0.855263 0.151880 0.028340
1 0.062406 0.975202 0.091729 0.029352
