0 0.379167 0.100676 0.629167 0.063514
0 0.377083 0.202703 0.629167 0.062162
0 0.378125 0.304054 0.631250 0.064865
0 0.377083 0.404730 0.629167 0.063514
0 0.380208 0.508108 0.622917 0.062162
0 0.376042 0.609459 0.627083 0.059459
6 0.114583 0.695946 0.041667 0.021622
2 0.193750 0.845946 0.250000 0.051351
2 0.131250 0.945946 0.133333 0.035135
4 0.377083 0.089865 0.637500 0.090541
4 0.376042 0.193243 0.639583 0.089189
4 0.377083 0.292568 0.641667 0.093243
4 0.378125 0.395270 0.639583 0.090541
4 0.381250 0.497973 0.633333 0.090541
4 0.376042 0.599324 0.639583 0.085135
7 0.441667 0.695946 0.708333 0.029730
