0 0.342497 0.173693 0.233677 0.043845
0 0.341924 0.244519 0.232532 0.040472
0 0.850515 0.580101 0.234822 0.040472
0 0.851661 0.509275 0.232532 0.040472
0 0.341352 0.314503 0.235968 0.038786
0 0.341352 0.591062 0.233677 0.042159
0 0.341352 0.799325 0.235968 0.040472
0 0.341924 0.870995 0.234822 0.038786
0 0.851088 0.650084 0.238259 0.042159
2 0.751432 0.343170 0.018328 0.028668
2 0.752005 0.379427 0.019473 0.026981
2 0.751432 0.414840 0.018328 0.026981
3 0.856816 0.210793 0.238259 0.033727
0 0.342497 0.453626 0.233677 0.172007
3 0.346506 0.662732 0.239404 0.033727
3 0.347652 0.731029 0.237113 0.035413
1 0.518328 0.960371 0.101947 0.045531
1 0.623139 0.961214 0.103093 0.047218
