0 0.671463 0.263158 0.326139 0.042105
0 0.670264 0.338158 0.328537 0.044737
3 0.661871 0.415789 0.306954 0.047368
4 0.521583 0.486842 0.021583 0.031579
4 0.519185 0.517105 0.021583 0.028947
4 0.520384 0.547368 0.023981 0.031579
2 0.522782 0.614474 0.023981 0.028947
2 0.520384 0.646053 0.023981 0.028947
2 0.520384 0.676316 0.023981 0.031579
0 0.580336 0.751316 0.148681 0.044737
3 0.547962 0.859211 0.074341 0.050000
3 0.628297 0.860526 0.076739 0.047368
1 0.569544 0.940789 0.122302 0.055263
