0 0.131054 0.133663 0.210826 0.075908
4 0.131054 0.105611 0.216524 0.125413
0 0.106838 0.272277 0.162393 0.075908
4 0.106838 0.239274 0.168091 0.135314
0 0.289174 0.391089 0.527066 0.075908
4 0.289174 0.363036 0.532764 0.125413
0 0.404558 0.519802 0.757835 0.075908
4 0.404558 0.491749 0.763533 0.125413
6 0.043447 0.634488 0.035613 0.041254
7 0.120370 0.634488 0.195157 0.047855
6 0.289886 0.634488 0.035613 0.041254
7 0.366809 0.634488 0.195157 0.047855
1 0.043447 0.763201 0.035613 0.041254
3 0.117521 0.763201 0.189459 0.047855
1 0.284188 0.763201 0.035613 0.041254
3 0.325499 0.763201 0.123932 0.047855
1 0.459402 0.763201 0.035613 0.041254
3 0.533476 0.763201 0.189459 0.047855
2 0.254986 0.912541 0.253561 0.082508
