7 0.382134 0.176471 0.337469 0.044118
8 0.287841 0.176471 0.531017 0.049020
7 0.434243 0.291667 0.501241 0.044118
8 0.354839 0.291667 0.665012 0.049020
7 0.575682 0.406863 0.724566 0.044118
8 0.481390 0.406863 0.918114 0.049020
2 0.035360 0.510417 0.026055 0.025735
5 0.097395 0.510417 0.155087 0.030637
2 0.235112 0.510417 0.026055 0.025735
5 0.277295 0.510417 0.115385 0.030637
2 0.395161 0.510417 0.026055 0.025735
5 0.457196 0.510417 0.155087 0.030637
2 0.594913 0.510417 0.026055 0.025735
5 0.650744 0.510417 0.142680 0.030637
3 0.035360 0.625613 0.026055 0.025735
6 0.062655 0.625613 0.085608 0.030637
3 0.165633 0.625613 0.026055 0.025735
6 0.232630 0.625613 0.165012 0.030637
3 0.375310 0.625613 0.026055 0.025735
6 0.406328 0.625613 0.093052 0.030637
3 0.513027 0.625613 0.026055 0.025735
6 0.545285 0.625613 0.095533 0.030637
1 0.354839 0.765931 0.332506 0.075980
