7 0.602689 0.138889 0.647922 0.060386
8 0.475550 0.138889 0.907090 0.065217
7 0.581907 0.269324 0.606357 0.060386
8 0.454768 0.269324 0.865526 0.065217
7 0.606357 0.399758 0.655257 0.060386
8 0.479218 0.399758 0.914425 0.065217
2 0.039120 0.514493 0.034230 0.033816
5 0.139364 0.514493 0.239609 0.038647
2 0.322738 0.514493 0.034230 0.033816
5 0.366748 0.514493 0.127139 0.038647
2 0.493888 0.514493 0.034230 0.033816
5 0.537897 0.514493 0.127139 0.038647
2 0.665037 0.514493 0.034230 0.033816
5 0.748166 0.516908 0.205379 0.043478
3 0.039120 0.644928 0.034230 0.033816
6 0.091687 0.647343 0.144254 0.043478
3 0.227384 0.644928 0.034230 0.033816
6 0.275061 0.647343 0.134474 0.043478
1 0.512225 0.789855 0.232274 0.062802
