5 0.665663 0.139726 0.590361 0.084932
8 0.495482 0.139726 0.936747 0.090411
5 0.599398 0.273973 0.457831 0.084932
8 0.429217 0.273973 0.804217 0.090411
5 0.528614 0.408219 0.316265 0.084932
8 0.358434 0.408219 0.662651 0.090411
6 0.052711 0.520548 0.051205 0.046575
7 0.105422 0.527397 0.162651 0.065753
6 0.269578 0.520548 0.051205 0.046575
7 0.322289 0.527397 0.162651 0.065753
6 0.486446 0.520548 0.051205 0.046575
7 0.612952 0.521918 0.310241 0.054795
1 0.052711 0.654795 0.051205 0.046575
3 0.108434 0.656164 0.168675 0.054795
2 0.516566 0.808219 0.262048 0.084932
