0 0.552972 0.119741 0.568475 0.080906
4 0.430233 0.119741 0.819121 0.087379
0 0.337209 0.258900 0.116279 0.080906
4 0.209302 0.258900 0.377261 0.087379
0 0.543928 0.398058 0.540052 0.080906
4 0.418605 0.398058 0.795866 0.087379
6 0.040698 0.518608 0.034884 0.043689
7 0.123385 0.524272 0.205426 0.061489
6 0.292636 0.518608 0.034884 0.043689
7 0.364987 0.524272 0.184755 0.061489
1 0.040698 0.657767 0.034884 0.043689
3 0.118217 0.658576 0.195090 0.051780
1 0.282300 0.657767 0.034884 0.043689
3 0.368863 0.658576 0.213178 0.051780
1 0.541990 0.657767 0.034884 0.043689
3 0.585917 0.663430 0.127907 0.061489
2 0.260982 0.825243 0.335917 0.100324
