0 0.380208 0.105867 0.713542 0.048469
4 0.380208 0.088010 0.718750 0.079082
0 0.437500 0.233418 0.828125 0.048469
4 0.437500 0.215561 0.833333 0.079082
0 0.180990 0.366071 0.315104 0.048469
4 0.180990 0.345663 0.320312 0.084184
0 0.067708 0.493622 0.088542 0.048469
4 0.067708 0.473214 0.093750 0.084184
6 0.037109 0.605230 0.027344 0.026786
7 0.106120 0.605230 0.170573 0.031888
1 0.037109 0.732781 0.027344 0.026786
3 0.099609 0.732781 0.157552 0.031888
1 0.241536 0.732781 0.027344 0.026786
3 0.283203 0.732781 0.115885 0.031888
1 0.404297 0.732781 0.027344 0.026786
3 0.483724 0.732781 0.191406 0.031888
2 0.282552 0.871173 0.242188 0.048469
