7 0.581267 0.063739 0.595041 0.062323
8 0.453168 0.063739 0.856749 0.067989
7 0.524793 0.219547 0.647383 0.062323
8 0.438017 0.219547 0.826446 0.067989
7 0.574380 0.375354 0.763085 0.062323
8 0.491736 0.375354 0.933884 0.067989
2 0.042011 0.565864 0.034435 0.035411
5 0.092975 0.566572 0.141873 0.042493
2 0.233471 0.565864 0.034435 0.035411
5 0.332645 0.570822 0.238292 0.050992
2 0.521350 0.565864 0.034435 0.035411
5 0.626033 0.570822 0.249311 0.050992
3 0.042011 0.721671 0.034435 0.035411
6 0.105372 0.722380 0.166667 0.042493
1 0.695592 0.886686 0.476584 0.053824
