0 0.459420 0.079320 0.321739 0.093484
4 0.323188 0.079320 0.600000 0.099150
0 0.489855 0.195467 0.556522 0.093484
4 0.397101 0.195467 0.747826 0.099150
0 0.520290 0.311615 0.420290 0.093484
4 0.378261 0.311615 0.710145 0.099150
0 0.568116 0.427762 0.469565 0.093484
4 0.414493 0.427762 0.782609 0.099150
0 0.656522 0.543909 0.634783 0.093484
4 0.500000 0.543909 0.953623 0.099150
6 0.051449 0.638102 0.050725 0.049575
7 0.176087 0.648725 0.305797 0.076487
6 0.409420 0.638102 0.050725 0.049575
7 0.486232 0.641643 0.210145 0.062323
6 0.671739 0.638102 0.050725 0.049575
7 0.767391 0.641643 0.247826 0.062323
1 0.051449 0.754249 0.050725 0.049575
3 0.132609 0.764873 0.218841 0.076487
2 0.440580 0.876771 0.434783 0.062323
