0 0.066667 0.183511 0.087179 0.069149
4 0.066667 0.159574 0.092308 0.111702
0 0.282051 0.321809 0.517949 0.069149
4 0.282051 0.293883 0.523077 0.119681
0 0.306410 0.452128 0.566667 0.069149
4 0.306410 0.424202 0.571795 0.119681
2 0.041026 0.561170 0.035897 0.037234
5 0.112821 0.561170 0.184615 0.042553
3 0.041026 0.691489 0.035897 0.037234
6 0.089744 0.691489 0.138462 0.042553
3 0.225641 0.691489 0.035897 0.037234
6 0.296154 0.692819 0.182051 0.045213
1 0.342308 0.827128 0.474359 0.047872
