5 0.497326 0.098039 0.385027 0.063725
8 0.358289 0.098039 0.668449 0.068627
5 0.481283 0.242647 0.352941 0.063725
8 0.342246 0.242647 0.636364 0.068627
5 0.593583 0.387255 0.577540 0.063725
8 0.454545 0.387255 0.860963 0.068627
6 0.043449 0.515319 0.038770 0.035539
7 0.095588 0.517157 0.148396 0.044118
1 0.043449 0.659926 0.038770 0.035539
3 0.138369 0.666667 0.233957 0.053922
1 0.325535 0.659926 0.038770 0.035539
3 0.420455 0.666667 0.233957 0.053922
2 0.486631 0.813725 0.165775 0.053922
