0 0.193182 0.266043 0.327922 0.093583
4 0.193182 0.225936 0.334416 0.168449
6 0.059253 0.415107 0.060065 0.049465
7 0.193994 0.415775 0.336039 0.056150
6 0.453734 0.415107 0.060065 0.049465
7 0.528409 0.415775 0.215909 0.056150
1 0.059253 0.591578 0.060065 0.049465
3 0.218344 0.598930 0.384740 0.069519
1 0.502435 0.591578 0.060065 0.049465
3 0.588474 0.592246 0.238636 0.056150
1 0.799513 0.591578 0.060065 0.049465
3 0.869318 0.598930 0.206169 0.069519
2 0.462662 0.767380 0.250000 0.048128
