0 0.452077 0.259003 0.290735 0.066482
4 0.313099 0.259003 0.575080 0.072022
0 0.583067 0.336565 0.603834 0.066482
4 0.456869 0.336565 0.862620 0.072022
0 0.640575 0.414127 0.674121 0.066482
4 0.503195 0.414127 0.955272 0.072022
0 0.474441 0.491690 0.380192 0.066482
4 0.346645 0.491690 0.642173 0.072022
6 0.049521 0.554017 0.041534 0.036011
7 0.137380 0.556787 0.223642 0.047091
6 0.330671 0.554017 0.041534 0.036011
7 0.397764 0.554017 0.182109 0.041551
6 0.570288 0.554017 0.041534 0.036011
7 0.616613 0.556787 0.140575 0.047091
1 0.049521 0.631579 0.041534 0.036011
3 0.127796 0.634349 0.204473 0.047091
1 0.311502 0.631579 0.041534 0.036011
3 0.349840 0.634349 0.124601 0.047091
1 0.493610 0.631579 0.041534 0.036011
3 0.562300 0.631579 0.185304 0.041551
2 0.469649 0.735457 0.313099 0.088643
