0 0.373368 0.082031 0.193211 0.075521
4 0.246736 0.082031 0.451697 0.080729
0 0.451697 0.233073 0.402089 0.075521
4 0.338120 0.233073 0.634465 0.080729
0 0.424282 0.384115 0.342037 0.075521
4 0.309399 0.384115 0.577023 0.080729
6 0.043734 0.517578 0.040470 0.040365
7 0.106397 0.517578 0.171018 0.045573
6 0.261749 0.517578 0.040470 0.040365
7 0.296997 0.518229 0.116188 0.046875
1 0.043734 0.668620 0.040470 0.040365
3 0.107702 0.668620 0.173629 0.045573
1 0.264360 0.668620 0.040470 0.040365
3 0.303525 0.668620 0.124021 0.045573
2 0.201044 0.835938 0.130548 0.072917
