7 0.486188 0.260759 0.397790 0.058228
8 0.356354 0.260759 0.662983 0.063291
2 0.042818 0.379747 0.035912 0.032911
5 0.093923 0.379747 0.143646 0.037975
2 0.236188 0.379747 0.035912 0.032911
5 0.284530 0.379747 0.138122 0.037975
2 0.424033 0.379747 0.035912 0.032911
5 0.469613 0.379747 0.132597 0.037975
3 0.042818 0.513924 0.035912 0.032911
6 0.117403 0.513924 0.190608 0.037975
3 0.283149 0.513924 0.035912 0.032911
6 0.386740 0.513924 0.248619 0.037975
3 0.581492 0.513924 0.035912 0.032911
6 0.678177 0.516456 0.234807 0.043038
1 0.512431 0.670886 0.417127 0.078481
