5 0.315864 0.146753 0.104816 0.085714
8 0.198300 0.146753 0.345609 0.090909
5 0.501416 0.305195 0.475921 0.085714
8 0.383853 0.305195 0.716714 0.090909
6 0.050992 0.503896 0.050992 0.046753
7 0.157224 0.509091 0.269122 0.062338
6 0.371105 0.503896 0.050992 0.046753
7 0.440510 0.503896 0.195467 0.051948
1 0.050992 0.662338 0.050992 0.046753
3 0.145892 0.662338 0.246459 0.051948
1 0.348442 0.662338 0.050992 0.046753
3 0.437677 0.662338 0.235127 0.051948
1 0.634561 0.662338 0.050992 0.046753
3 0.696884 0.662338 0.181303 0.051948
2 0.451841 0.840260 0.779037 0.085714
