0 0.452522 0.172000 0.210682 0.056000
4 0.292285 0.172000 0.537092 0.061333
0 0.531157 0.313333 0.326409 0.056000
4 0.360534 0.313333 0.673591 0.061333
2 0.043769 0.442000 0.034125 0.030667
5 0.134273 0.442667 0.221068 0.037333
2 0.318249 0.442000 0.034125 0.030667
5 0.399852 0.442667 0.203264 0.037333
3 0.043769 0.583333 0.034125 0.030667
6 0.088279 0.588000 0.129080 0.045333
3 0.226261 0.583333 0.034125 0.030667
6 0.282641 0.584000 0.152819 0.037333
1 0.566766 0.756000 0.320475 0.093333
