5 0.388889 0.157431 0.273713 0.073048
8 0.276423 0.157431 0.504065 0.078086
5 0.337398 0.265743 0.306233 0.073048
8 0.258808 0.265743 0.468835 0.078086
5 0.586721 0.374055 0.571816 0.073048
8 0.449864 0.374055 0.850949 0.078086
5 0.586721 0.482368 0.560976 0.073048
8 0.447154 0.482368 0.845528 0.078086
6 0.046070 0.571788 0.043360 0.040302
7 0.094851 0.580605 0.146341 0.062972
6 0.241192 0.571788 0.043360 0.040302
7 0.357724 0.575567 0.281843 0.052897
1 0.046070 0.680101 0.043360 0.040302
3 0.108401 0.683879 0.173442 0.052897
2 0.700542 0.813602 0.219512 0.090680
