0 0.338608 0.243523 0.620253 0.085492
4 0.338608 0.211140 0.626582 0.145078
0 0.118671 0.386010 0.180380 0.085492
4 0.118671 0.353627 0.186709 0.145078
2 0.056171 0.503238 0.055380 0.045337
5 0.124209 0.505181 0.197785 0.054404
2 0.310918 0.503238 0.055380 0.045337
5 0.367880 0.505181 0.175633 0.054404
2 0.543513 0.503238 0.055380 0.045337
5 0.652690 0.503238 0.280063 0.050518
3 0.056171 0.645725 0.055380 0.045337
6 0.128956 0.645725 0.207278 0.050518
3 0.320411 0.645725 0.055380 0.045337
6 0.426424 0.645725 0.273734 0.050518
3 0.651108 0.645725 0.055380 0.045337
6 0.708070 0.647668 0.175633 0.054404
1 0.310127 0.800518 0.265823 0.069948
