0 0.244745 0.226829 0.435435 0.087805
4 0.244745 0.192683 0.441441 0.151220
0 0.264264 0.378049 0.474474 0.087805
4 0.264264 0.343902 0.480480 0.151220
6 0.055556 0.503659 0.057057 0.046341
7 0.198198 0.507317 0.348348 0.058537
6 0.457958 0.503659 0.057057 0.046341
7 0.578078 0.503659 0.303303 0.051220
1 0.055556 0.654878 0.057057 0.046341
3 0.180180 0.654878 0.312312 0.051220
1 0.421922 0.654878 0.057057 0.046341
3 0.539039 0.654878 0.297297 0.051220
2 0.551051 0.823171 0.483483 0.080488
