5 0.476266 0.148883 0.268987 0.057072
8 0.321203 0.148883 0.585443 0.062035
5 0.583861 0.275434 0.484177 0.057072
8 0.428797 0.275434 0.800633 0.062035
5 0.594937 0.401985 0.506329 0.057072
8 0.439873 0.401985 0.822785 0.062035
6 0.049051 0.555831 0.041139 0.032258
7 0.147152 0.558313 0.243671 0.042184
6 0.349684 0.555831 0.041139 0.032258
7 0.447785 0.558313 0.243671 0.042184
1 0.049051 0.682382 0.041139 0.032258
3 0.090190 0.682382 0.129747 0.037221
1 0.235759 0.682382 0.041139 0.032258
3 0.276899 0.682382 0.129747 0.037221
2 0.270570 0.836228 0.465190 0.086849
