5 0.559889 0.271040 0.763231 0.044554
8 0.484680 0.271040 0.919220 0.049505
5 0.263231 0.342822 0.236769 0.044554
8 0.204735 0.342822 0.359331 0.049505
5 0.562674 0.414604 0.785515 0.044554
8 0.491643 0.414604 0.933148 0.049505
5 0.378830 0.486386 0.384401 0.044554
8 0.299443 0.486386 0.548747 0.049505
6 0.039694 0.546411 0.029248 0.025990
7 0.070334 0.546411 0.096100 0.030941
6 0.185933 0.546411 0.029248 0.025990
7 0.233287 0.546411 0.129526 0.030941
1 0.039694 0.618193 0.029248 0.025990
3 0.088440 0.618193 0.132312 0.030941
2 0.239554 0.721535 0.211699 0.089109
