0 0.165179 0.177861 0.086310 0.057214
4 0.117560 0.177861 0.187500 0.062189
0 0.221726 0.277363 0.110119 0.057214
4 0.151786 0.277363 0.255952 0.062189
0 0.525298 0.376866 0.752976 0.057214
4 0.464286 0.376866 0.880952 0.062189
0 0.532738 0.476368 0.613095 0.057214
4 0.433036 0.476368 0.818452 0.062189
6 0.045387 0.562811 0.037202 0.031095
7 0.087054 0.562811 0.126488 0.036070
1 0.045387 0.662313 0.037202 0.031095
3 0.119792 0.664179 0.191964 0.039801
1 0.290923 0.662313 0.037202 0.031095
3 0.354911 0.662313 0.171131 0.036070
2 0.217262 0.772388 0.380952 0.052239
