0 0.393976 0.312500 0.744578 0.075000
4 0.393976 0.276389 0.749398 0.141667
6 0.039157 0.434028 0.034940 0.040278
7 0.096988 0.436111 0.155422 0.050000
6 0.237952 0.434028 0.034940 0.040278
7 0.284940 0.436111 0.133735 0.050000
1 0.039157 0.578472 0.034940 0.040278
3 0.100602 0.586111 0.162651 0.061111
1 0.245181 0.578472 0.034940 0.040278
3 0.333133 0.580556 0.215663 0.050000
1 0.504217 0.578472 0.034940 0.040278
3 0.562048 0.580556 0.155422 0.050000
2 0.493976 0.741667 0.366265 0.077778
