7 0.365753 0.364985 0.145205 0.050445
8 0.232877 0.364985 0.416438 0.056380
2 0.038356 0.431751 0.027397 0.029674
5 0.076712 0.431751 0.109589 0.035608
2 0.197260 0.431751 0.027397 0.029674
5 0.235616 0.431751 0.109589 0.035608
2 0.356164 0.431751 0.027397 0.029674
5 0.386301 0.431751 0.093151 0.035608
3 0.038356 0.511869 0.027397 0.029674
6 0.076712 0.511869 0.109589 0.035608
3 0.197260 0.511869 0.027397 0.029674
6 0.231507 0.511869 0.101370 0.035608
1 0.675342 0.621662 0.473973 0.089021
