0 0.542587 0.075581 0.290221 0.063953
4 0.358044 0.075581 0.665615 0.069767
0 0.468454 0.151163 0.135647 0.063953
4 0.282334 0.151163 0.514196 0.069767
0 0.605678 0.226744 0.328076 0.063953
4 0.399054 0.226744 0.747634 0.069767
0 0.608833 0.302326 0.353312 0.063953
4 0.406940 0.302326 0.763407 0.069767
0 0.533123 0.377907 0.252366 0.063953
4 0.343849 0.377907 0.637224 0.069767
0 0.526814 0.453488 0.233438 0.063953
4 0.335962 0.453488 0.621451 0.069767
0 0.652997 0.529070 0.466877 0.063953
4 0.457413 0.529070 0.864353 0.069767
0 0.619874 0.604651 0.413249 0.063953
4 0.427445 0.604651 0.804416 0.069767
0 0.654574 0.680233 0.501577 0.063953
4 0.466877 0.680233 0.883281 0.069767
2 0.047319 0.741279 0.037855 0.034884
5 0.152997 0.745640 0.255521 0.049419
2 0.359621 0.741279 0.037855 0.034884
5 0.411672 0.741279 0.148265 0.040698
2 0.564669 0.741279 0.037855 0.034884
5 0.649842 0.741279 0.214511 0.040698
3 0.047319 0.816860 0.037855 0.034884
6 0.094637 0.821221 0.138801 0.049419
3 0.242902 0.816860 0.037855 0.034884
6 0.310726 0.816860 0.179811 0.040698
1 0.736593 0.909884 0.280757 0.069767
