5 0.490933 0.242857 0.458549 0.085714
8 0.373057 0.242857 0.699482 0.091429
5 0.299223 0.362857 0.277202 0.085714
8 0.231865 0.362857 0.417098 0.091429
6 0.044689 0.460714 0.042746 0.047143
7 0.171632 0.468571 0.301813 0.068571
1 0.044689 0.580714 0.042746 0.047143
3 0.091321 0.582857 0.141192 0.057143
1 0.232513 0.580714 0.042746 0.047143
3 0.277850 0.582857 0.138601 0.057143
1 0.417746 0.580714 0.042746 0.047143
3 0.468264 0.582857 0.148964 0.057143
2 0.617876 0.727143 0.329016 0.100000
