5 0.442815 0.258900 0.492669 0.074434
8 0.359238 0.258900 0.665689 0.080906
6 0.045455 0.436893 0.038123 0.042071
7 0.114370 0.436893 0.181818 0.048544
6 0.280059 0.436893 0.038123 0.042071
7 0.329912 0.436893 0.143695 0.048544
1 0.045455 0.576052 0.038123 0.042071
3 0.093842 0.580906 0.140762 0.058252
1 0.239003 0.576052 0.038123 0.042071
3 0.321114 0.580906 0.208211 0.058252
1 0.500000 0.576052 0.038123 0.042071
3 0.580645 0.576052 0.205279 0.048544
2 0.203812 0.733010 0.184751 0.077670
