0 0.475248 0.361290 0.564356 0.064516
4 0.389851 0.361290 0.740099 0.070968
6 0.035891 0.430645 0.027228 0.035484
7 0.105198 0.435484 0.170792 0.051613
6 0.251238 0.430645 0.027228 0.035484
7 0.320545 0.430645 0.170792 0.041935
6 0.466584 0.430645 0.027228 0.035484
7 0.558168 0.430645 0.215347 0.041935
6 0.726485 0.430645 0.027228 0.035484
7 0.818069 0.430645 0.215347 0.041935
1 0.035891 0.514516 0.027228 0.035484
3 0.081683 0.514516 0.123762 0.041935
2 0.168317 0.624194 0.222772 0.087097
