5 0.484127 0.127622 0.423280 0.062937
8 0.361111 0.127622 0.674603 0.069930
5 0.470899 0.243007 0.396825 0.062937
8 0.347884 0.243007 0.648148 0.069930
5 0.503968 0.358392 0.462963 0.062937
8 0.380952 0.358392 0.714286 0.069930
5 0.513228 0.473776 0.481481 0.062937
8 0.390212 0.473776 0.732804 0.069930
6 0.037698 0.618007 0.027778 0.036713
7 0.069444 0.618881 0.096561 0.045455
6 0.181878 0.618007 0.027778 0.036713
7 0.214947 0.618007 0.099206 0.043706
6 0.328704 0.618007 0.027778 0.036713
7 0.361772 0.618881 0.099206 0.045455
1 0.037698 0.733392 0.027778 0.036713
3 0.091931 0.734266 0.141534 0.045455
1 0.226852 0.733392 0.027778 0.036713
3 0.281085 0.734266 0.141534 0.045455
1 0.416005 0.733392 0.027778 0.036713
3 0.463624 0.734266 0.128307 0.045455
2 0.611111 0.889860 0.576720 0.118881
