5 0.503750 0.164038 0.572500 0.085174
8 0.407500 0.164038 0.770000 0.091483
5 0.520000 0.315457 0.535000 0.085174
8 0.406250 0.315457 0.767500 0.091483
6 0.041250 0.444795 0.037500 0.047319
7 0.082500 0.454259 0.125000 0.072555
1 0.041250 0.596215 0.037500 0.047319
3 0.127500 0.599369 0.215000 0.059937
1 0.301250 0.596215 0.037500 0.047319
3 0.360000 0.599369 0.160000 0.059937
1 0.506250 0.596215 0.037500 0.047319
3 0.586250 0.605678 0.202500 0.072555
1 0.753750 0.596215 0.037500 0.047319
3 0.801250 0.599369 0.137500 0.059937
2 0.553750 0.774448 0.122500 0.100946
