0 0.073699 0.179319 0.095376 0.060209
4 0.073699 0.158377 0.101156 0.096859
0 0.368497 0.289267 0.684971 0.060209
4 0.368497 0.268325 0.690751 0.096859
0 0.135838 0.399215 0.219653 0.060209
4 0.135838 0.378272 0.225434 0.096859
0 0.333815 0.517016 0.615607 0.060209
4 0.333815 0.492147 0.621387 0.104712
2 0.044075 0.607984 0.036127 0.032723
5 0.083092 0.608639 0.119942 0.039267
3 0.044075 0.717932 0.036127 0.032723
6 0.081647 0.717932 0.117052 0.037958
3 0.213150 0.717932 0.036127 0.032723
6 0.262283 0.717932 0.140173 0.037958
1 0.244220 0.850785 0.384393 0.078534
