0 0.466830 0.160354 0.398034 0.053030
4 0.343980 0.160354 0.648649 0.058081
0 0.497543 0.220960 0.503686 0.053030
4 0.385749 0.220960 0.732187 0.058081
0 0.589681 0.281566 0.692875 0.053030
4 0.479115 0.281566 0.918919 0.058081
0 0.518428 0.342172 0.530713 0.053030
4 0.402948 0.342172 0.766585 0.058081
0 0.470516 0.402778 0.425061 0.053030
4 0.352580 0.402778 0.665848 0.058081
0 0.393120 0.463384 0.280098 0.053030
4 0.277641 0.463384 0.515971 0.058081
0 0.565111 0.523990 0.594595 0.053030
4 0.442260 0.523990 0.845209 0.058081
0 0.643735 0.584596 0.732187 0.053030
4 0.515971 0.584596 0.992629 0.058081
0 0.448403 0.645202 0.361179 0.053030
4 0.325553 0.645202 0.611794 0.058081
6 0.036241 0.693813 0.028256 0.029040
7 0.074324 0.693813 0.109337 0.034091
6 0.189803 0.693813 0.028256 0.029040
7 0.272113 0.693813 0.197789 0.034091
6 0.431818 0.693813 0.028256 0.029040
7 0.473587 0.696970 0.116708 0.040404
6 0.592752 0.693813 0.028256 0.029040
7 0.656634 0.693813 0.160934 0.034091
1 0.036241 0.754419 0.028256 0.029040
3 0.071867 0.757576 0.104423 0.040404
1 0.184889 0.754419 0.028256 0.029040
3 0.251229 0.754419 0.165848 0.034091
2 0.460688 0.823232 0.302211 0.045455
