0 0.364865 0.205556 0.233415 0.055556
4 0.251843 0.205556 0.464373 0.061111
0 0.393120 0.333333 0.334152 0.055556
4 0.291155 0.333333 0.542998 0.061111
2 0.035627 0.448611 0.027027 0.030556
5 0.067568 0.448611 0.095823 0.036111
2 0.175676 0.448611 0.027027 0.030556
5 0.239558 0.448611 0.159705 0.036111
2 0.379607 0.448611 0.027027 0.030556
5 0.458231 0.448611 0.189189 0.036111
3 0.035627 0.576389 0.027027 0.030556
6 0.109337 0.576389 0.179361 0.036111
3 0.259214 0.576389 0.027027 0.030556
6 0.291155 0.576389 0.095823 0.036111
3 0.399263 0.576389 0.027027 0.030556
6 0.455774 0.576389 0.144963 0.036111
1 0.788698 0.738889 0.122850 0.100000
