5 0.773846 0.110028 0.427692 0.097493
8 0.509231 0.110028 0.963077 0.103064
5 0.764615 0.285515 0.409231 0.097493
8 0.500000 0.285515 0.944615 0.103064
6 0.056923 0.435933 0.058462 0.052925
7 0.238462 0.445682 0.427692 0.077994
1 0.056923 0.611421 0.058462 0.052925
3 0.206154 0.614206 0.363077 0.064067
1 0.475385 0.611421 0.058462 0.052925
3 0.550769 0.614206 0.215385 0.064067
1 0.746154 0.611421 0.058462 0.052925
3 0.853846 0.614206 0.280000 0.064067
2 0.475385 0.802228 0.421538 0.083565
