0 0.199413 0.251938 0.346041 0.069767
4 0.199413 0.218346 0.351906 0.131783
0 0.253666 0.378553 0.454545 0.069767
4 0.253666 0.350129 0.460411 0.121447
2 0.047654 0.504522 0.042522 0.037468
5 0.164956 0.506460 0.282991 0.046512
2 0.383431 0.504522 0.042522 0.037468
5 0.440616 0.511628 0.162757 0.056848
3 0.047654 0.641473 0.042522 0.037468
6 0.116569 0.648579 0.186217 0.056848
3 0.286657 0.641473 0.042522 0.037468
6 0.374633 0.643411 0.224340 0.046512
3 0.563783 0.641473 0.042522 0.037468
6 0.666422 0.643411 0.253666 0.046512
1 0.546921 0.801034 0.730205 0.082687
