0 0.226684 0.219723 0.406736 0.124567
4 0.226684 0.167820 0.411917 0.221453
6 0.047927 0.401384 0.049223 0.065744
7 0.125648 0.410035 0.209845 0.089965
6 0.304404 0.401384 0.049223 0.065744
7 0.419689 0.401384 0.284974 0.072664
1 0.047927 0.619377 0.049223 0.065744
3 0.103627 0.628028 0.165803 0.089965
1 0.260363 0.619377 0.049223 0.065744
3 0.375648 0.619377 0.284974 0.072664
1 0.591969 0.619377 0.049223 0.065744
3 0.725389 0.628028 0.321244 0.089965
2 0.571244 0.856401 0.365285 0.103806
