0 0.545845 0.244444 0.312321 0.071605
4 0.363897 0.244444 0.681948 0.076543
0 0.527221 0.340741 0.292264 0.071605
4 0.349570 0.340741 0.653295 0.076543
0 0.581662 0.437037 0.366762 0.071605
4 0.395415 0.437037 0.744986 0.076543
6 0.047994 0.516667 0.044413 0.038272
7 0.148281 0.516667 0.250716 0.043210
6 0.350287 0.516667 0.044413 0.038272
7 0.444842 0.516667 0.239255 0.043210
6 0.641117 0.516667 0.044413 0.038272
7 0.725645 0.516667 0.219198 0.043210
1 0.047994 0.612963 0.044413 0.038272
3 0.116762 0.612963 0.187679 0.043210
1 0.287249 0.612963 0.044413 0.038272
3 0.401862 0.614815 0.279370 0.046914
2 0.302292 0.723457 0.507163 0.066667
