5 0.576250 0.142045 0.722500 0.068182
8 0.481250 0.142045 0.917500 0.073864
5 0.578750 0.272727 0.727500 0.068182
8 0.483750 0.272727 0.922500 0.073864
5 0.252500 0.403409 0.075000 0.068182
8 0.157500 0.403409 0.270000 0.073864
6 0.039375 0.570312 0.033750 0.038352
7 0.075625 0.575284 0.111250 0.053977
6 0.195625 0.570312 0.033750 0.038352
7 0.243125 0.575284 0.133750 0.053977
1 0.039375 0.700994 0.033750 0.038352
3 0.081875 0.705966 0.123750 0.053977
2 0.743750 0.842330 0.342500 0.059659
