5 0.363747 0.145946 0.279805 0.089189
8 0.263990 0.145946 0.484185 0.094595
5 0.475669 0.305405 0.411192 0.089189
8 0.352798 0.305405 0.661800 0.094595
6 0.043796 0.509459 0.043796 0.048649
7 0.122871 0.510811 0.206813 0.056757
6 0.294404 0.509459 0.043796 0.048649
7 0.335766 0.516216 0.131387 0.067568
6 0.469586 0.509459 0.043796 0.048649
7 0.513382 0.516216 0.136253 0.067568
1 0.043796 0.668919 0.043796 0.048649
3 0.135036 0.670270 0.231144 0.056757
1 0.318735 0.668919 0.043796 0.048649
3 0.366180 0.670270 0.143552 0.056757
2 0.186131 0.828378 0.231144 0.048649
