7 0.380723 0.214286 0.419277 0.076923
8 0.307229 0.214286 0.571084 0.082418
2 0.040361 0.416896 0.037349 0.042582
5 0.158434 0.417582 0.278313 0.049451
2 0.362048 0.416896 0.037349 0.042582
5 0.452410 0.417582 0.222892 0.049451
2 0.628313 0.416896 0.037349 0.042582
5 0.733133 0.423077 0.251807 0.060440
3 0.040361 0.578984 0.037349 0.042582
6 0.087349 0.579670 0.136145 0.049451
3 0.219880 0.578984 0.037349 0.042582
6 0.337952 0.579670 0.278313 0.049451
3 0.541566 0.578984 0.037349 0.042582
6 0.653614 0.579670 0.266265 0.049451
1 0.257831 0.769231 0.448193 0.098901
