7 0.568871 0.127475 0.724518 0.056931
8 0.479339 0.127475 0.909091 0.061881
7 0.475207 0.194307 0.658402 0.056931
8 0.415978 0.194307 0.782369 0.061881
7 0.506887 0.261139 0.683196 0.056931
8 0.438017 0.261139 0.826446 0.061881
7 0.577135 0.327970 0.608815 0.056931
8 0.454545 0.327970 0.859504 0.061881
7 0.349862 0.394802 0.369146 0.056931
8 0.280992 0.394802 0.512397 0.061881
7 0.201102 0.461634 0.110193 0.056931
8 0.141873 0.461634 0.234160 0.061881
7 0.435262 0.528465 0.512397 0.056931
8 0.359504 0.528465 0.669421 0.061881
7 0.393939 0.595297 0.451791 0.056931
8 0.323691 0.595297 0.597796 0.061881
7 0.312672 0.662129 0.333333 0.056931
8 0.253444 0.662129 0.457300 0.061881
2 0.042700 0.714109 0.035813 0.032178
5 0.122590 0.714109 0.201102 0.037129
2 0.293388 0.714109 0.035813 0.032178
5 0.344353 0.714109 0.143251 0.037129
2 0.486226 0.714109 0.035813 0.032178
5 0.537190 0.714109 0.143251 0.037129
3 0.042700 0.780941 0.035813 0.032178
6 0.108815 0.780941 0.173554 0.037129
3 0.265840 0.780941 0.035813 0.032178
6 0.304408 0.780941 0.118457 0.037129
3 0.433884 0.780941 0.035813 0.032178
6 0.486226 0.780941 0.146006 0.037129
1 0.673554 0.856436 0.388430 0.049505
