5 0.553528 0.080537 0.596107 0.100671
8 0.437956 0.080537 0.832117 0.107383
5 0.566910 0.214765 0.622871 0.100671
8 0.451338 0.214765 0.858881 0.107383
5 0.582725 0.348993 0.654501 0.100671
8 0.467153 0.348993 0.890511 0.107383
5 0.609489 0.483221 0.708029 0.100671
8 0.493917 0.483221 0.944039 0.107383
6 0.041971 0.591443 0.040146 0.055369
7 0.127129 0.595638 0.215328 0.070470
6 0.301095 0.591443 0.040146 0.055369
7 0.357056 0.591443 0.156934 0.062081
6 0.501825 0.591443 0.040146 0.055369
7 0.551703 0.591443 0.144769 0.062081
1 0.041971 0.725671 0.040146 0.055369
3 0.085766 0.729866 0.132603 0.070470
1 0.218370 0.725671 0.040146 0.055369
3 0.338808 0.729866 0.285888 0.070470
1 0.548054 0.725671 0.040146 0.055369
3 0.668491 0.729866 0.285888 0.070470
1 0.877737 0.725671 0.040146 0.055369
3 0.921533 0.729866 0.132603 0.070470
2 0.847932 0.869128 0.109489 0.073826
