5 0.512894 0.060302 0.555874 0.065327
8 0.409742 0.060302 0.767908 0.070352
5 0.358166 0.178392 0.240688 0.065327
8 0.253582 0.178392 0.455587 0.070352
5 0.608883 0.296482 0.747851 0.065327
8 0.505731 0.296482 0.959885 0.070352
5 0.611748 0.414573 0.753582 0.065327
8 0.508596 0.414573 0.965616 0.070352
5 0.520057 0.532663 0.684814 0.065327
8 0.445559 0.532663 0.839542 0.070352
6 0.046562 0.633794 0.041547 0.036432
7 0.152579 0.634422 0.259312 0.042714
6 0.357450 0.633794 0.041547 0.036432
7 0.463467 0.634422 0.259312 0.042714
1 0.046562 0.751884 0.041547 0.036432
3 0.108166 0.752513 0.170487 0.042714
1 0.268625 0.751884 0.041547 0.036432
3 0.333095 0.752513 0.176218 0.042714
1 0.496418 0.751884 0.041547 0.036432
3 0.573782 0.752513 0.202006 0.042714
2 0.537249 0.875628 0.272206 0.047739
