0 0.250704 0.172107 0.129577 0.077151
4 0.170423 0.172107 0.295775 0.083086
0 0.329577 0.317507 0.264789 0.077151
4 0.243662 0.317507 0.442254 0.083086
6 0.045070 0.445104 0.039437 0.041543
7 0.094366 0.446588 0.143662 0.050445
6 0.239437 0.445104 0.039437 0.041543
7 0.333803 0.446588 0.233803 0.050445
1 0.045070 0.590504 0.039437 0.041543
3 0.138028 0.597923 0.230986 0.062315
1 0.326761 0.590504 0.039437 0.041543
3 0.390141 0.591988 0.171831 0.050445
2 0.590141 0.753709 0.498592 0.077151
