5 0.383085 0.116279 0.218905 0.090116
8 0.258706 0.116279 0.472637 0.095930
5 0.410448 0.287791 0.273632 0.090116
8 0.286070 0.287791 0.527363 0.095930
6 0.043532 0.500000 0.042289 0.049419
7 0.099502 0.500000 0.159204 0.055233
6 0.247512 0.500000 0.042289 0.049419
7 0.287313 0.504360 0.126866 0.063953
6 0.419154 0.500000 0.042289 0.049419
7 0.527363 0.504360 0.263682 0.063953
6 0.727612 0.500000 0.042289 0.049419
7 0.804726 0.500000 0.201493 0.055233
1 0.043532 0.671512 0.042289 0.049419
3 0.083333 0.675872 0.126866 0.063953
1 0.215174 0.671512 0.042289 0.049419
3 0.292289 0.675872 0.201493 0.063953
1 0.461443 0.671512 0.042289 0.049419
3 0.517413 0.671512 0.159204 0.055233
1 0.665423 0.671512 0.042289 0.049419
3 0.712687 0.675872 0.141791 0.063953
2 0.563433 0.860465 0.485075 0.084302
