0 0.248634 0.183575 0.448087 0.077295
4 0.248634 0.150966 0.453552 0.137681
0 0.243169 0.311594 0.437158 0.077295
4 0.243169 0.283816 0.442623 0.128019
0 0.290984 0.458937 0.532787 0.077295
4 0.290984 0.426329 0.538251 0.137681
6 0.047814 0.573671 0.046448 0.041063
7 0.112022 0.573671 0.180328 0.045894
6 0.277322 0.573671 0.046448 0.041063
7 0.359290 0.573671 0.215847 0.045894
1 0.047814 0.711353 0.046448 0.041063
3 0.142077 0.711353 0.240437 0.045894
1 0.337432 0.711353 0.046448 0.041063
3 0.382514 0.716184 0.142077 0.055556
1 0.528689 0.711353 0.046448 0.041063
3 0.622951 0.716184 0.240437 0.055556
2 0.715847 0.868357 0.333333 0.079710
