0 0.458738 0.100358 0.631068 0.089606
4 0.398058 0.100358 0.757282 0.096774
0 0.525485 0.247312 0.677184 0.089606
4 0.442961 0.247312 0.847087 0.096774
0 0.523058 0.394265 0.609223 0.089606
4 0.424757 0.394265 0.810680 0.096774
6 0.038228 0.520609 0.032767 0.048387
7 0.104976 0.520609 0.171117 0.055556
1 0.038228 0.667563 0.032767 0.048387
3 0.119539 0.667563 0.200243 0.055556
1 0.282160 0.667563 0.032767 0.048387
3 0.344053 0.667563 0.161408 0.055556
2 0.439320 0.822581 0.228155 0.064516
