0 0.283607 0.172515 0.508197 0.058480
4 0.283607 0.144737 0.514754 0.108187
0 0.322951 0.298246 0.586885 0.058480
4 0.322951 0.274854 0.593443 0.099415
0 0.288525 0.432749 0.518033 0.058480
4 0.288525 0.409357 0.524590 0.099415
6 0.047541 0.557018 0.036066 0.032164
7 0.149180 0.557018 0.245902 0.038012
1 0.047541 0.691520 0.036066 0.032164
3 0.131148 0.691520 0.209836 0.038012
1 0.316393 0.691520 0.036066 0.032164
3 0.395082 0.694444 0.200000 0.043860
2 0.372131 0.847953 0.606557 0.076023
