0 0.188547 0.264463 0.326816 0.052342
4 0.188547 0.242424 0.332402 0.090909
0 0.416201 0.369146 0.782123 0.052342
4 0.416201 0.344353 0.787709 0.096419
0 0.220670 0.462810 0.391061 0.052342
4 0.220670 0.440771 0.396648 0.090909
6 0.039804 0.550275 0.029330 0.028926
7 0.113827 0.552342 0.182961 0.038567
6 0.273045 0.550275 0.029330 0.028926
7 0.305168 0.550275 0.099162 0.034435
1 0.039804 0.649449 0.029330 0.028926
3 0.108240 0.649449 0.171788 0.034435
2 0.677374 0.778237 0.265363 0.088154
