0 0.068123 0.284884 0.089974 0.069767
4 0.068123 0.260174 0.095116 0.113372
0 0.291774 0.409884 0.537275 0.069767
4 0.291774 0.380814 0.542416 0.122093
6 0.039846 0.504360 0.033419 0.037791
7 0.107969 0.504360 0.174807 0.043605
1 0.039846 0.620640 0.033419 0.037791
3 0.071979 0.620640 0.102828 0.043605
1 0.188946 0.620640 0.033419 0.037791
3 0.253213 0.622093 0.167095 0.046512
1 0.402314 0.620640 0.033419 0.037791
3 0.431877 0.620640 0.097686 0.043605
2 0.152956 0.768895 0.120823 0.101744
