7 0.622807 0.141643 0.609023 0.076487
8 0.476190 0.141643 0.907268 0.082153
7 0.562657 0.300283 0.488722 0.076487
8 0.416040 0.300283 0.786967 0.082153
2 0.041353 0.439093 0.037594 0.042493
5 0.156642 0.441926 0.273183 0.053824
2 0.359649 0.439093 0.037594 0.042493
5 0.413534 0.439093 0.150376 0.048159
2 0.555138 0.439093 0.037594 0.042493
5 0.655388 0.439093 0.243108 0.048159
3 0.041353 0.597734 0.037594 0.042493
6 0.117794 0.597734 0.195489 0.048159
3 0.281955 0.597734 0.037594 0.042493
6 0.359649 0.600567 0.197995 0.053824
1 0.785714 0.780453 0.273183 0.090652
