5 0.603618 0.118321 0.608553 0.073791
8 0.470395 0.118321 0.881579 0.078880
5 0.302632 0.237913 0.236842 0.073791
8 0.226974 0.237913 0.394737 0.078880
5 0.485197 0.357506 0.601974 0.073791
8 0.409539 0.357506 0.759868 0.078880
5 0.398026 0.477099 0.427632 0.073791
8 0.322368 0.477099 0.585526 0.078880
6 0.055921 0.577608 0.052632 0.040712
7 0.118421 0.578880 0.184211 0.048346
6 0.299342 0.577608 0.052632 0.040712
7 0.389803 0.577608 0.240132 0.045802
6 0.598684 0.577608 0.052632 0.040712
7 0.710526 0.578880 0.282895 0.048346
1 0.055921 0.697201 0.052632 0.040712
3 0.148026 0.697201 0.243421 0.045802
2 0.243421 0.825700 0.309211 0.058524
