0 0.330000 0.082294 0.350000 0.074813
4 0.263750 0.082294 0.487500 0.079800
0 0.301250 0.164589 0.282500 0.074813
4 0.232500 0.164589 0.425000 0.079800
0 0.511250 0.246883 0.622500 0.074813
4 0.422500 0.246883 0.805000 0.079800
0 0.368750 0.329177 0.452500 0.074813
4 0.308750 0.329177 0.577500 0.079800
0 0.580000 0.411471 0.790000 0.074813
4 0.498750 0.411471 0.957500 0.079800
0 0.411250 0.493766 0.567500 0.074813
4 0.358750 0.493766 0.677500 0.079800
0 0.438750 0.576060 0.402500 0.074813
4 0.331250 0.576060 0.622500 0.079800
0 0.331250 0.658354 0.222500 0.074813
4 0.232500 0.658354 0.425000 0.079800
6 0.042500 0.723192 0.040000 0.039900
7 0.078750 0.724439 0.117500 0.047382
6 0.205000 0.723192 0.040000 0.039900
7 0.251250 0.723192 0.137500 0.044888
1 0.042500 0.805486 0.040000 0.039900
3 0.112500 0.805486 0.185000 0.044888
2 0.338750 0.902743 0.232500 0.069825
