5 0.447115 0.168380 0.336538 0.061697
8 0.319712 0.168380 0.596154 0.066838
5 0.536058 0.289203 0.514423 0.061697
8 0.408654 0.289203 0.774038 0.066838
5 0.423077 0.410026 0.288462 0.061697
8 0.295673 0.410026 0.548077 0.066838
6 0.037861 0.568766 0.032452 0.034704
7 0.073918 0.570694 0.109375 0.043702
6 0.190505 0.568766 0.032452 0.034704
7 0.226562 0.575835 0.109375 0.053985
1 0.037861 0.689589 0.032452 0.034704
3 0.102764 0.691517 0.167067 0.043702
1 0.248197 0.689589 0.032452 0.034704
3 0.298678 0.691517 0.138221 0.043702
1 0.429688 0.689589 0.032452 0.034704
3 0.525841 0.696658 0.229567 0.053985
2 0.480769 0.820051 0.254808 0.053985
