7 0.663636 0.087342 0.460606 0.086076
8 0.462121 0.087342 0.869697 0.091139
7 0.695455 0.239241 0.524242 0.086076
8 0.493939 0.239241 0.933333 0.091139
7 0.596970 0.391139 0.327273 0.086076
8 0.395455 0.391139 0.736364 0.091139
2 0.055303 0.520886 0.056061 0.046835
5 0.115909 0.525316 0.183333 0.060759
2 0.293182 0.520886 0.056061 0.046835
5 0.411364 0.520886 0.298485 0.051899
2 0.646212 0.520886 0.056061 0.046835
5 0.709848 0.525316 0.189394 0.060759
3 0.055303 0.672785 0.056061 0.046835
6 0.199242 0.677215 0.350000 0.060759
3 0.459848 0.672785 0.056061 0.046835
6 0.543182 0.672785 0.228788 0.051899
1 0.609091 0.837975 0.315152 0.073418
