0 0.285266 0.168750 0.514107 0.081250
4 0.285266 0.129688 0.520376 0.153125
0 0.210031 0.315625 0.363636 0.081250
4 0.210031 0.276562 0.369906 0.153125
0 0.308777 0.450000 0.561129 0.081250
4 0.308777 0.417187 0.567398 0.140625
2 0.050157 0.584375 0.043887 0.043750
5 0.152038 0.585938 0.253918 0.053125
3 0.050157 0.731250 0.043887 0.043750
6 0.103448 0.739062 0.156740 0.065625
3 0.263323 0.731250 0.043887 0.043750
6 0.373041 0.732812 0.269592 0.053125
3 0.589342 0.731250 0.043887 0.043750
6 0.675549 0.732812 0.222571 0.053125
1 0.426332 0.912500 0.514107 0.112500
