5 0.268908 0.163907 0.145658 0.105960
8 0.184874 0.163907 0.319328 0.112583
5 0.593838 0.319536 0.459384 0.105960
8 0.425770 0.319536 0.801120 0.112583
6 0.049720 0.447848 0.049020 0.057947
7 0.203782 0.448675 0.362745 0.066225
6 0.462885 0.447848 0.049020 0.057947
7 0.580532 0.455298 0.289916 0.079470
6 0.803221 0.447848 0.049020 0.057947
7 0.871849 0.448675 0.191877 0.066225
1 0.049720 0.603477 0.049020 0.057947
3 0.175770 0.604305 0.306723 0.066225
1 0.406863 0.603477 0.049020 0.057947
3 0.469888 0.604305 0.180672 0.066225
1 0.637955 0.603477 0.049020 0.057947
3 0.713585 0.604305 0.205882 0.066225
2 0.687675 0.761589 0.103641 0.062914
