5 0.479592 0.083990 0.494898 0.049869
8 0.376276 0.083990 0.706633 0.055118
5 0.360969 0.209974 0.257653 0.049869
8 0.257653 0.209974 0.469388 0.055118
5 0.521684 0.335958 0.579082 0.049869
8 0.418367 0.335958 0.790816 0.055118
5 0.489796 0.461942 0.515306 0.049869
8 0.386480 0.461942 0.727041 0.055118
6 0.036990 0.608924 0.028061 0.028871
7 0.108418 0.608924 0.176020 0.034121
6 0.258929 0.608924 0.028061 0.028871
7 0.330357 0.608924 0.176020 0.034121
1 0.036990 0.734908 0.028061 0.028871
3 0.108418 0.734908 0.176020 0.034121
2 0.224490 0.881890 0.244898 0.070866
