0 0.144886 0.137195 0.238636 0.060976
4 0.144886 0.109756 0.244318 0.109756
0 0.251420 0.283537 0.451705 0.060976
4 0.251420 0.256098 0.457386 0.109756
0 0.088068 0.429878 0.125000 0.060976
4 0.088068 0.402439 0.130682 0.109756
6 0.041193 0.565549 0.031250 0.033537
7 0.082386 0.567073 0.119318 0.042683
6 0.211648 0.565549 0.031250 0.033537
7 0.245739 0.571646 0.105114 0.051829
1 0.041193 0.711890 0.031250 0.033537
3 0.105114 0.713415 0.164773 0.042683
1 0.257102 0.711890 0.031250 0.033537
3 0.329545 0.717988 0.181818 0.051829
1 0.490057 0.711890 0.031250 0.033537
3 0.562500 0.717988 0.181818 0.051829
2 0.323864 0.890244 0.340909 0.097561
