5 0.346547 0.114583 0.248082 0.086310
8 0.248082 0.114583 0.450128 0.092262
5 0.491049 0.221726 0.537084 0.086310
8 0.392583 0.221726 0.739130 0.092262
5 0.537084 0.328869 0.695652 0.086310
8 0.455243 0.328869 0.864450 0.092262
5 0.379795 0.436012 0.401535 0.086310
8 0.303069 0.436012 0.560102 0.092262
5 0.273657 0.543155 0.214834 0.086310
8 0.203325 0.543155 0.360614 0.092262
6 0.043478 0.627976 0.040921 0.047619
7 0.121483 0.635417 0.202046 0.068452
6 0.291560 0.627976 0.040921 0.047619
7 0.337596 0.629464 0.138107 0.056548
6 0.475703 0.627976 0.040921 0.047619
7 0.552430 0.629464 0.199488 0.056548
1 0.043478 0.735119 0.040921 0.047619
3 0.098465 0.742560 0.156010 0.068452
1 0.245524 0.735119 0.040921 0.047619
3 0.343990 0.742560 0.242967 0.068452
2 0.819693 0.869048 0.115090 0.101190
