7 0.489873 0.085185 0.620253 0.059259
8 0.412658 0.085185 0.779747 0.064198
7 0.372152 0.174074 0.258228 0.059259
8 0.263291 0.174074 0.481013 0.064198
7 0.479747 0.262963 0.539241 0.059259
8 0.387342 0.262963 0.729114 0.064198
7 0.553165 0.351852 0.822785 0.059259
8 0.494937 0.351852 0.944304 0.064198
7 0.387342 0.440741 0.465823 0.059259
8 0.322785 0.440741 0.600000 0.064198
7 0.194937 0.529630 0.081013 0.059259
8 0.130380 0.529630 0.215190 0.064198
7 0.382278 0.618519 0.344304 0.059259
8 0.289873 0.618519 0.534177 0.064198
2 0.039873 0.691975 0.034177 0.033333
5 0.105696 0.691975 0.170886 0.038272
3 0.039873 0.780864 0.034177 0.033333
6 0.079114 0.780864 0.117722 0.038272
1 0.310127 0.880247 0.220253 0.054321
