0 0.257576 0.215426 0.460606 0.085106
4 0.257576 0.175532 0.466667 0.159574
0 0.174242 0.361702 0.293939 0.085106
4 0.174242 0.328457 0.300000 0.146277
2 0.053030 0.509309 0.051515 0.045213
5 0.122727 0.511968 0.196970 0.055851
2 0.304545 0.509309 0.051515 0.045213
5 0.431818 0.511968 0.312121 0.055851
3 0.053030 0.668883 0.051515 0.045213
6 0.140909 0.671543 0.233333 0.055851
3 0.340909 0.668883 0.051515 0.045213
6 0.406061 0.678191 0.187879 0.069149
3 0.583333 0.668883 0.051515 0.045213
6 0.727273 0.671543 0.345455 0.055851
1 0.118182 0.845745 0.145455 0.079787
