7 0.525000 0.165722 0.681579 0.065156
8 0.446053 0.165722 0.844737 0.070822
7 0.561842 0.270538 0.671053 0.065156
8 0.461842 0.270538 0.876316 0.070822
7 0.527632 0.375354 0.713158 0.065156
8 0.455263 0.375354 0.863158 0.070822
7 0.550000 0.480170 0.610526 0.065156
8 0.440789 0.480170 0.834211 0.070822
2 0.040789 0.567989 0.034211 0.036827
5 0.084211 0.573654 0.126316 0.053824
3 0.040789 0.672805 0.034211 0.036827
6 0.084211 0.678470 0.126316 0.053824
3 0.214474 0.672805 0.034211 0.036827
6 0.301316 0.674221 0.213158 0.045326
1 0.551316 0.810198 0.471053 0.101983
