0 0.304819 0.298319 0.228916 0.064426
4 0.220482 0.298319 0.402410 0.070028
0 0.513253 0.390756 0.636145 0.064426
4 0.426506 0.390756 0.814458 0.070028
2 0.036747 0.468487 0.030120 0.035014
5 0.123494 0.469188 0.208434 0.042017
2 0.288554 0.468487 0.030120 0.035014
5 0.363253 0.468487 0.184337 0.040616
2 0.516265 0.468487 0.030120 0.035014
5 0.560843 0.468487 0.124096 0.040616
3 0.036747 0.560924 0.030120 0.035014
6 0.077711 0.560924 0.116867 0.040616
3 0.196988 0.560924 0.030120 0.035014
6 0.229518 0.561625 0.100000 0.042017
3 0.340361 0.560924 0.030120 0.035014
6 0.372892 0.561625 0.100000 0.042017
3 0.483735 0.560924 0.030120 0.035014
6 0.540361 0.560924 0.148193 0.040616
1 0.538554 0.686275 0.436145 0.100840
