0 0.544034 0.091160 0.451705 0.099448
4 0.397727 0.091160 0.750000 0.104972
0 0.583807 0.273481 0.571023 0.099448
4 0.447443 0.273481 0.849432 0.104972
6 0.052557 0.432320 0.053977 0.052486
7 0.105114 0.432320 0.164773 0.058011
6 0.268466 0.432320 0.053977 0.052486
7 0.367898 0.436464 0.258523 0.066298
6 0.578125 0.432320 0.053977 0.052486
7 0.676136 0.432320 0.255682 0.058011
1 0.052557 0.614641 0.053977 0.052486
3 0.181818 0.614641 0.318182 0.058011
1 0.421875 0.614641 0.053977 0.052486
3 0.498580 0.614641 0.213068 0.058011
1 0.686080 0.614641 0.053977 0.052486
3 0.785511 0.618785 0.258523 0.066298
2 0.294034 0.819061 0.292614 0.096685
