5 0.401070 0.134771 0.283422 0.078167
8 0.284759 0.134771 0.521390 0.083558
5 0.582888 0.269542 0.534759 0.078167
8 0.438503 0.269542 0.828877 0.083558
5 0.459893 0.404313 0.534759 0.078167
8 0.377005 0.404313 0.705882 0.083558
6 0.045455 0.518868 0.042781 0.043127
7 0.161765 0.524259 0.280749 0.059299
6 0.374332 0.518868 0.042781 0.043127
7 0.469251 0.518868 0.237968 0.048518
1 0.045455 0.653639 0.042781 0.043127
3 0.093583 0.659030 0.144385 0.059299
1 0.237968 0.653639 0.042781 0.043127
3 0.348930 0.659030 0.270053 0.059299
1 0.556150 0.653639 0.042781 0.043127
3 0.614973 0.653639 0.165775 0.048518
2 0.538770 0.812668 0.334225 0.091644
