5 0.511561 0.132353 0.520231 0.073529
8 0.400289 0.132353 0.748555 0.078431
5 0.635838 0.267157 0.653179 0.073529
8 0.495665 0.267157 0.939306 0.078431
5 0.420520 0.401961 0.401734 0.073529
8 0.325145 0.401961 0.598266 0.078431
6 0.049855 0.571691 0.047688 0.040441
7 0.152457 0.571691 0.258671 0.045343
6 0.360549 0.571691 0.047688 0.040441
7 0.429913 0.571691 0.192197 0.045343
1 0.049855 0.706495 0.047688 0.040441
3 0.106214 0.706495 0.166185 0.045343
1 0.268064 0.706495 0.047688 0.040441
3 0.341763 0.710784 0.200867 0.053922
2 0.601156 0.849265 0.624277 0.056373
