0 0.564477 0.316614 0.768856 0.062696
4 0.485401 0.316614 0.931873 0.068966
0 0.517032 0.401254 0.785888 0.062696
4 0.465937 0.401254 0.892944 0.068966
6 0.035280 0.471787 0.026764 0.034483
7 0.077859 0.471787 0.116788 0.040752
6 0.195864 0.471787 0.026764 0.034483
7 0.222628 0.473354 0.085158 0.043887
6 0.324818 0.471787 0.026764 0.034483
7 0.355231 0.473354 0.092457 0.043887
1 0.035280 0.556426 0.026764 0.034483
3 0.091241 0.556426 0.143552 0.040752
1 0.222628 0.556426 0.026764 0.034483
3 0.274939 0.557994 0.136253 0.043887
1 0.402676 0.556426 0.026764 0.034483
3 0.458637 0.556426 0.143552 0.040752
1 0.590024 0.556426 0.026764 0.034483
3 0.641119 0.556426 0.133820 0.040752
2 0.728710 0.652038 0.216545 0.056426
