0 0.613095 0.198910 0.619048 0.089918
4 0.474702 0.198910 0.901786 0.095368
0 0.444940 0.313351 0.282738 0.089918
4 0.306548 0.313351 0.565476 0.095368
0 0.604167 0.427793 0.666667 0.089918
4 0.482143 0.427793 0.916667 0.095368
2 0.052827 0.521117 0.052083 0.047684
5 0.206101 0.521798 0.364583 0.054496
2 0.470982 0.521117 0.052083 0.047684
5 0.594494 0.521798 0.305060 0.054496
3 0.052827 0.635559 0.052083 0.047684
6 0.177827 0.636240 0.308036 0.054496
3 0.414435 0.635559 0.052083 0.047684
6 0.505208 0.636240 0.239583 0.054496
1 0.526786 0.775204 0.220238 0.098093
