0 0.297739 0.183288 0.550251 0.072776
4 0.297739 0.153639 0.555276 0.126685
0 0.339196 0.309973 0.633166 0.072776
4 0.339196 0.284367 0.638191 0.118598
0 0.306533 0.444744 0.567839 0.072776
4 0.306533 0.419137 0.572864 0.118598
6 0.040829 0.565364 0.036432 0.039084
7 0.143844 0.565364 0.247487 0.044474
1 0.040829 0.700135 0.036432 0.039084
3 0.098618 0.700135 0.157035 0.044474
1 0.243090 0.700135 0.036432 0.039084
3 0.318467 0.700135 0.192211 0.044474
1 0.480528 0.700135 0.036432 0.039084
3 0.534548 0.702156 0.149497 0.048518
2 0.280151 0.853100 0.248744 0.075472
