0 0.487603 0.104396 0.424242 0.117216
4 0.362259 0.104396 0.680441 0.124542
0 0.497245 0.254579 0.438017 0.117216
4 0.370523 0.254579 0.696970 0.124542
0 0.568871 0.404762 0.515152 0.117216
4 0.425620 0.404762 0.807163 0.124542
6 0.048209 0.527473 0.046832 0.062271
7 0.095041 0.527473 0.146006 0.069597
6 0.243802 0.527473 0.046832 0.062271
7 0.294766 0.527473 0.154270 0.069597
1 0.048209 0.677656 0.046832 0.062271
3 0.126722 0.677656 0.209366 0.069597
1 0.307163 0.677656 0.046832 0.062271
3 0.355372 0.681319 0.148760 0.076923
2 0.556474 0.858974 0.231405 0.124542
