0 0.607629 0.106557 0.561308 0.088525
4 0.456403 0.106557 0.869210 0.095082
0 0.643052 0.280328 0.637602 0.088525
4 0.493188 0.280328 0.942779 0.095082
2 0.044278 0.433607 0.039510 0.047541
5 0.086512 0.436066 0.129428 0.059016
2 0.222752 0.433607 0.039510 0.047541
5 0.314033 0.433607 0.227520 0.054098
3 0.044278 0.607377 0.039510 0.047541
6 0.130109 0.609836 0.216621 0.059016
3 0.309946 0.607377 0.039510 0.047541
6 0.408038 0.609836 0.241144 0.059016
3 0.600136 0.607377 0.039510 0.047541
6 0.680518 0.607377 0.205722 0.054098
1 0.562670 0.798361 0.133515 0.081967
