5 0.532432 0.263934 0.470270 0.085246
8 0.397297 0.263934 0.745946 0.091803
5 0.577027 0.375410 0.559459 0.085246
8 0.441892 0.375410 0.835135 0.091803
6 0.043919 0.464754 0.039189 0.047541
7 0.133108 0.472131 0.222973 0.068852
6 0.315541 0.464754 0.039189 0.047541
7 0.385811 0.465574 0.185135 0.055738
1 0.043919 0.576230 0.039189 0.047541
3 0.137162 0.583607 0.231081 0.068852
1 0.323649 0.576230 0.039189 0.047541
3 0.364189 0.583607 0.125676 0.068852
1 0.497973 0.576230 0.039189 0.047541
3 0.570946 0.577049 0.190541 0.055738
2 0.679730 0.698361 0.429730 0.068852
