0 0.552083 0.113565 0.324405 0.085174
4 0.370536 0.113565 0.693452 0.091483
0 0.638393 0.283912 0.544643 0.085174
4 0.468750 0.283912 0.889881 0.091483
2 0.048363 0.434543 0.043155 0.045741
5 0.104911 0.434543 0.162202 0.052050
2 0.264137 0.434543 0.043155 0.045741
5 0.351935 0.434543 0.224702 0.052050
2 0.542411 0.434543 0.043155 0.045741
5 0.655506 0.436909 0.275298 0.056782
3 0.048363 0.604890 0.043155 0.045741
6 0.137649 0.604890 0.227679 0.052050
3 0.329613 0.604890 0.043155 0.045741
6 0.386161 0.604890 0.162202 0.052050
1 0.464286 0.796530 0.113095 0.088328
