0 0.479751 0.145995 0.211838 0.056848
4 0.306854 0.145995 0.563863 0.062016
0 0.595016 0.254522 0.411215 0.056848
4 0.414330 0.254522 0.778816 0.062016
0 0.652648 0.363049 0.538941 0.056848
4 0.475078 0.363049 0.900312 0.062016
0 0.571651 0.471576 0.420561 0.056848
4 0.404984 0.471576 0.760125 0.062016
2 0.046729 0.567183 0.037383 0.031008
5 0.091900 0.571059 0.133956 0.043928
2 0.236760 0.567183 0.037383 0.031008
5 0.283489 0.571059 0.137072 0.043928
3 0.046729 0.675711 0.037383 0.031008
6 0.172897 0.679587 0.295950 0.043928
1 0.514019 0.791990 0.429907 0.046512
