0 0.207933 0.161408 0.372596 0.080097
4 0.207933 0.135922 0.377404 0.126214
0 0.187500 0.302184 0.331731 0.080097
4 0.187500 0.276699 0.336538 0.126214
0 0.335337 0.442961 0.627404 0.080097
4 0.335337 0.417476 0.632212 0.126214
6 0.042668 0.569782 0.042067 0.042476
7 0.115986 0.569782 0.193510 0.047330
6 0.279447 0.569782 0.042067 0.042476
7 0.343149 0.569782 0.174279 0.047330
6 0.496995 0.569782 0.042067 0.042476
7 0.564303 0.571602 0.181490 0.050971
6 0.721755 0.569782 0.042067 0.042476
7 0.786659 0.569782 0.176683 0.047330
1 0.042668 0.710558 0.042067 0.042476
3 0.093149 0.710558 0.147837 0.047330
1 0.233774 0.710558 0.042067 0.042476
3 0.269832 0.710558 0.118990 0.047330
1 0.396034 0.710558 0.042067 0.042476
3 0.459736 0.710558 0.174279 0.047330
1 0.613582 0.710558 0.042067 0.042476
3 0.658053 0.710558 0.135817 0.047330
2 0.358173 0.859223 0.274038 0.058252
