5 0.466374 0.148058 0.546784 0.077670
8 0.384503 0.148058 0.716374 0.082524
5 0.618421 0.259709 0.657895 0.077670
8 0.488304 0.259709 0.923977 0.082524
5 0.605263 0.371359 0.631579 0.077670
8 0.475146 0.371359 0.897661 0.082524
5 0.571637 0.483010 0.535088 0.077670
8 0.434211 0.483010 0.815789 0.082524
6 0.051901 0.574636 0.051170 0.042476
7 0.160088 0.578883 0.273392 0.055825
1 0.051901 0.686286 0.051170 0.042476
3 0.123538 0.690534 0.200292 0.055825
1 0.304825 0.686286 0.051170 0.042476
3 0.408626 0.690534 0.264620 0.055825
2 0.654971 0.813107 0.122807 0.072816
