0 0.495549 0.129129 0.338279 0.057057
4 0.345697 0.129129 0.643917 0.063063
0 0.498516 0.195195 0.367953 0.057057
4 0.354599 0.195195 0.661721 0.063063
0 0.467359 0.261261 0.258160 0.057057
4 0.311573 0.261261 0.575668 0.063063
0 0.538576 0.327327 0.436202 0.057057
4 0.391691 0.327327 0.735905 0.063063
0 0.624629 0.393393 0.602374 0.057057
4 0.476261 0.393393 0.905045 0.063063
0 0.470326 0.459459 0.275964 0.057057
4 0.317507 0.459459 0.587537 0.063063
0 0.384273 0.525526 0.097923 0.057057
4 0.229970 0.525526 0.412463 0.063063
0 0.508902 0.591592 0.364985 0.057057
4 0.359050 0.591592 0.670623 0.063063
0 0.648368 0.657658 0.602374 0.057057
4 0.488131 0.657658 0.928783 0.063063
6 0.042285 0.710961 0.031157 0.031532
7 0.076409 0.710961 0.105341 0.037538
6 0.201039 0.710961 0.031157 0.031532
7 0.260386 0.710961 0.155786 0.037538
6 0.410237 0.710961 0.031157 0.031532
7 0.478487 0.710961 0.173591 0.037538
1 0.042285 0.777027 0.031157 0.031532
3 0.120920 0.777027 0.194362 0.037538
1 0.290059 0.777027 0.031157 0.031532
3 0.322700 0.777027 0.102374 0.037538
1 0.445846 0.777027 0.031157 0.031532
3 0.493323 0.777027 0.132047 0.037538
2 0.609792 0.864865 0.537092 0.075075
