0 0.279898 0.190860 0.513995 0.080645
4 0.279898 0.159946 0.519084 0.137097
0 0.169211 0.352151 0.292621 0.080645
4 0.169211 0.321237 0.297710 0.137097
6 0.043257 0.489247 0.040712 0.043011
7 0.145038 0.489247 0.249364 0.048387
6 0.338422 0.489247 0.040712 0.043011
7 0.440204 0.489247 0.249364 0.048387
1 0.043257 0.650538 0.040712 0.043011
3 0.096692 0.650538 0.152672 0.048387
1 0.241730 0.650538 0.040712 0.043011
3 0.286260 0.650538 0.134860 0.048387
1 0.422392 0.650538 0.040712 0.043011
3 0.524173 0.650538 0.249364 0.048387
2 0.458015 0.837366 0.259542 0.094086
