0 0.320449 0.258621 0.596010 0.094044
4 0.320449 0.222571 0.600998 0.159875
2 0.042394 0.405956 0.039900 0.050157
5 0.100998 0.405956 0.162095 0.056426
2 0.249377 0.405956 0.039900 0.050157
5 0.309227 0.405956 0.164589 0.056426
3 0.042394 0.581505 0.039900 0.050157
6 0.093516 0.583072 0.147132 0.059561
3 0.234414 0.581505 0.039900 0.050157
6 0.321696 0.581505 0.219451 0.056426
3 0.498753 0.581505 0.039900 0.050157
6 0.551122 0.581505 0.149626 0.056426
1 0.174564 0.760188 0.094763 0.056426
