5 0.736765 0.137076 0.402941 0.083551
8 0.483824 0.137076 0.914706 0.088773
5 0.733824 0.298956 0.397059 0.083551
8 0.480882 0.298956 0.908824 0.088773
6 0.052206 0.507180 0.051471 0.045692
7 0.177206 0.515666 0.307353 0.067885
6 0.412500 0.507180 0.051471 0.045692
7 0.475735 0.515666 0.183824 0.067885
1 0.052206 0.669060 0.051471 0.045692
3 0.140441 0.677546 0.233824 0.067885
1 0.338971 0.669060 0.051471 0.045692
3 0.416912 0.671018 0.213235 0.054830
2 0.317647 0.853786 0.317647 0.091384
