0 0.615265 0.127119 0.532710 0.065375
4 0.454829 0.127119 0.859813 0.070218
0 0.498442 0.216707 0.348910 0.065375
4 0.350467 0.216707 0.651090 0.070218
0 0.574766 0.306295 0.501558 0.065375
4 0.426791 0.306295 0.803738 0.070218
0 0.574766 0.395884 0.514019 0.065375
4 0.429907 0.395884 0.809969 0.070218
0 0.632399 0.485472 0.610592 0.065375
4 0.482866 0.485472 0.915888 0.070218
0 0.626168 0.575061 0.566978 0.065375
4 0.468847 0.575061 0.887850 0.070218
6 0.050623 0.649516 0.045171 0.035109
7 0.147196 0.649516 0.244548 0.039952
1 0.050623 0.739104 0.045171 0.035109
3 0.162773 0.740920 0.275701 0.043584
1 0.382399 0.739104 0.045171 0.035109
3 0.429128 0.739104 0.144860 0.039952
2 0.361371 0.843826 0.448598 0.065375
