5 0.494135 0.252427 0.290323 0.058252
8 0.334311 0.252427 0.615836 0.063107
6 0.046188 0.375607 0.039589 0.032767
7 0.094575 0.378641 0.142229 0.043689
6 0.241202 0.375607 0.039589 0.032767
7 0.310117 0.375607 0.183284 0.037621
1 0.046188 0.513956 0.039589 0.032767
3 0.128299 0.516990 0.209677 0.043689
1 0.308651 0.513956 0.039589 0.032767
3 0.346774 0.513956 0.121701 0.037621
1 0.483138 0.513956 0.039589 0.032767
3 0.524194 0.513956 0.127566 0.037621
2 0.375367 0.673544 0.299120 0.075243
