0 0.486711 0.176678 0.534884 0.123675
4 0.392027 0.176678 0.730897 0.130742
6 0.060631 0.338339 0.061462 0.065371
7 0.158638 0.338339 0.264120 0.072438
6 0.384551 0.338339 0.061462 0.065371
7 0.482558 0.338339 0.264120 0.072438
6 0.708472 0.338339 0.061462 0.065371
7 0.763289 0.342756 0.177741 0.081272
1 0.060631 0.529152 0.061462 0.065371
3 0.160299 0.529152 0.267442 0.072438
1 0.387874 0.529152 0.061462 0.065371
3 0.507475 0.533569 0.307309 0.081272
2 0.323920 0.740283 0.235880 0.106007
