7 0.424870 0.089506 0.227979 0.067901
8 0.282383 0.089506 0.518135 0.074074
7 0.581606 0.237654 0.541451 0.067901
8 0.439119 0.237654 0.831606 0.074074
7 0.629534 0.385802 0.637306 0.067901
8 0.487047 0.385802 0.927461 0.074074
2 0.039508 0.516204 0.032383 0.038580
5 0.114637 0.516975 0.187824 0.046296
2 0.273964 0.516204 0.032383 0.038580
5 0.351684 0.516975 0.193005 0.046296
3 0.039508 0.664352 0.032383 0.038580
6 0.127591 0.669753 0.213731 0.055556
3 0.299870 0.664352 0.032383 0.038580
6 0.381477 0.665123 0.200777 0.046296
3 0.547280 0.664352 0.032383 0.038580
6 0.599093 0.665123 0.141192 0.046296
1 0.554404 0.845679 0.383420 0.104938
