0 0.412226 0.145161 0.768025 0.049628
4 0.412226 0.122829 0.774295 0.089330
0 0.133229 0.256824 0.210031 0.049628
4 0.133229 0.230769 0.216301 0.096774
0 0.145768 0.361042 0.235110 0.049628
4 0.145768 0.334988 0.241379 0.096774
0 0.343260 0.457816 0.630094 0.049628
4 0.343260 0.435484 0.636364 0.089330
0 0.445141 0.562035 0.833856 0.049628
4 0.445141 0.539702 0.840125 0.089330
6 0.045455 0.657568 0.034483 0.027295
7 0.115987 0.662531 0.181818 0.042184
6 0.283699 0.657568 0.034483 0.027295
7 0.354232 0.658809 0.181818 0.034739
1 0.045455 0.761787 0.034483 0.027295
3 0.130094 0.763027 0.210031 0.034739
1 0.311912 0.761787 0.034483 0.027295
3 0.388715 0.766749 0.194357 0.042184
1 0.562696 0.761787 0.034483 0.027295
3 0.600313 0.766749 0.115987 0.042184
2 0.286834 0.888337 0.153605 0.071960
