5 0.591615 0.099440 0.406832 0.081232
8 0.413043 0.099440 0.770186 0.086835
5 0.507764 0.225490 0.239130 0.081232
8 0.329193 0.225490 0.602484 0.086835
5 0.482919 0.351541 0.189441 0.081232
8 0.304348 0.351541 0.552795 0.086835
5 0.661491 0.477591 0.546584 0.081232
8 0.482919 0.477591 0.909938 0.086835
6 0.052795 0.582633 0.049689 0.044818
7 0.097826 0.582633 0.145963 0.050420
1 0.052795 0.708683 0.049689 0.044818
3 0.133540 0.708683 0.217391 0.050420
2 0.369565 0.861345 0.422360 0.098039
