5 0.401254 0.055556 0.351097 0.049096
8 0.304075 0.055556 0.551724 0.054264
5 0.332288 0.140827 0.357367 0.049096
8 0.271160 0.140827 0.485893 0.054264
5 0.236677 0.226098 0.178683 0.049096
8 0.178683 0.226098 0.300940 0.054264
5 0.590909 0.311370 0.774295 0.049096
8 0.504702 0.311370 0.952978 0.054264
5 0.340125 0.396641 0.228840 0.049096
8 0.242947 0.396641 0.429467 0.054264
5 0.420063 0.481912 0.526646 0.049096
8 0.357367 0.481912 0.658307 0.054264
5 0.238245 0.567183 0.163009 0.049096
8 0.175549 0.567183 0.294671 0.054264
5 0.318182 0.652455 0.216301 0.049096
8 0.228840 0.652455 0.401254 0.054264
6 0.045455 0.758398 0.034483 0.028424
7 0.090909 0.758398 0.131661 0.033592
6 0.233542 0.758398 0.034483 0.028424
7 0.293103 0.758398 0.159875 0.033592
6 0.449843 0.758398 0.034483 0.028424
7 0.495298 0.758398 0.131661 0.033592
1 0.045455 0.843669 0.034483 0.028424
3 0.115987 0.843669 0.181818 0.033592
2 0.470219 0.939276 0.194357 0.049096
