0 0.434940 0.175127 0.262651 0.065990
4 0.293976 0.175127 0.549398 0.071066
0 0.654217 0.276650 0.691566 0.065990
4 0.510843 0.276650 0.983133 0.071066
0 0.636145 0.378173 0.698795 0.065990
4 0.503614 0.378173 0.968675 0.071066
0 0.362651 0.479695 0.142169 0.065990
4 0.227711 0.479695 0.416867 0.071066
2 0.038554 0.565990 0.033735 0.035533
5 0.087952 0.565990 0.137349 0.040609
3 0.038554 0.667513 0.033735 0.035533
6 0.121687 0.667513 0.204819 0.040609
3 0.286747 0.667513 0.033735 0.035533
6 0.330120 0.667513 0.125301 0.040609
3 0.455422 0.667513 0.033735 0.035533
6 0.544578 0.667513 0.216867 0.040609
3 0.715663 0.667513 0.033735 0.035533
6 0.804819 0.667513 0.216867 0.040609
1 0.551807 0.786802 0.216867 0.071066
