0 0.263072 0.238255 0.467320 0.100671
4 0.263072 0.191275 0.473856 0.187919
2 0.055556 0.406040 0.052288 0.053691
5 0.183007 0.416107 0.313725 0.080537
2 0.428105 0.406040 0.052288 0.053691
5 0.620915 0.416107 0.444444 0.080537
3 0.055556 0.604027 0.052288 0.053691
6 0.124183 0.614094 0.196078 0.080537
3 0.310458 0.604027 0.052288 0.053691
6 0.383987 0.607383 0.205882 0.067114
3 0.575163 0.604027 0.052288 0.053691
6 0.666667 0.614094 0.241830 0.080537
1 0.500000 0.813758 0.830065 0.077181
