0 0.376081 0.116368 0.700288 0.066496
4 0.376081 0.090793 0.706052 0.112532
0 0.334294 0.239130 0.616715 0.066496
4 0.334294 0.209719 0.622478 0.120205
0 0.324207 0.346547 0.596542 0.066496
4 0.324207 0.320972 0.602305 0.112532
0 0.358790 0.461637 0.665706 0.066496
4 0.358790 0.436061 0.671470 0.112532
0 0.178674 0.576726 0.305476 0.066496
4 0.178674 0.551151 0.311239 0.112532
6 0.046110 0.679028 0.040346 0.035806
7 0.095101 0.682864 0.144092 0.048593
6 0.242075 0.679028 0.040346 0.035806
7 0.318444 0.679028 0.198847 0.040921
6 0.492795 0.679028 0.040346 0.035806
7 0.573487 0.679028 0.207493 0.040921
1 0.046110 0.794118 0.040346 0.035806
3 0.138329 0.797954 0.230548 0.048593
2 0.757925 0.928389 0.195965 0.074169
