0 0.274026 0.260997 0.189610 0.102639
4 0.196104 0.260997 0.350649 0.108504
2 0.047403 0.380499 0.048052 0.054252
5 0.113636 0.385630 0.185714 0.070381
2 0.279870 0.380499 0.048052 0.054252
5 0.412338 0.380499 0.318182 0.060117
2 0.644805 0.380499 0.048052 0.054252
5 0.703247 0.380499 0.170130 0.060117
3 0.047403 0.524194 0.048052 0.054252
6 0.109740 0.524194 0.177922 0.060117
3 0.272078 0.524194 0.048052 0.054252
6 0.326623 0.529326 0.162338 0.070381
1 0.401299 0.689150 0.293506 0.096774
