7 0.349383 0.235369 0.372840 0.055980
8 0.280247 0.235369 0.516049 0.061069
7 0.491358 0.352417 0.656790 0.055980
8 0.422222 0.352417 0.800000 0.061069
2 0.037654 0.495547 0.030864 0.031807
5 0.078395 0.495547 0.117284 0.036896
2 0.199383 0.495547 0.030864 0.031807
5 0.235185 0.495547 0.107407 0.036896
2 0.351235 0.495547 0.030864 0.031807
5 0.425309 0.495547 0.183951 0.036896
3 0.037654 0.612595 0.030864 0.031807
6 0.073457 0.614504 0.107407 0.040712
3 0.189506 0.612595 0.030864 0.031807
6 0.254938 0.612595 0.166667 0.036896
3 0.400617 0.612595 0.030864 0.031807
6 0.436420 0.612595 0.107407 0.036896
3 0.552469 0.612595 0.030864 0.031807
6 0.631481 0.614504 0.193827 0.040712
1 0.407407 0.749364 0.385185 0.071247
