0 0.555851 0.106870 0.664894 0.058524
4 0.456117 0.106870 0.869681 0.063613
0 0.328457 0.246819 0.210106 0.058524
4 0.228723 0.246819 0.414894 0.063613
0 0.497340 0.386768 0.484043 0.058524
4 0.381649 0.386768 0.720745 0.063613
2 0.040559 0.513359 0.033245 0.031807
5 0.080452 0.513359 0.118351 0.036896
2 0.206782 0.513359 0.033245 0.031807
5 0.278590 0.513359 0.182181 0.036896
2 0.436835 0.513359 0.033245 0.031807
5 0.544548 0.516539 0.253989 0.043257
3 0.040559 0.653308 0.033245 0.031807
6 0.089761 0.656489 0.136968 0.043257
3 0.225399 0.653308 0.033245 0.031807
6 0.282580 0.653308 0.152926 0.036896
3 0.426197 0.653308 0.033245 0.031807
6 0.525931 0.653308 0.238032 0.036896
1 0.779255 0.818066 0.127660 0.081425
