5 0.467581 0.160668 0.441397 0.059126
8 0.356608 0.160668 0.668329 0.064267
5 0.480050 0.266067 0.536160 0.059126
8 0.386534 0.266067 0.728180 0.064267
5 0.608479 0.371465 0.768080 0.059126
8 0.508728 0.371465 0.972569 0.064267
5 0.311721 0.476864 0.334165 0.059126
8 0.251870 0.476864 0.458853 0.064267
6 0.038653 0.566838 0.032419 0.033419
7 0.128429 0.570694 0.216958 0.046272
1 0.038653 0.672237 0.032419 0.033419
3 0.086035 0.672237 0.132170 0.038560
1 0.215711 0.672237 0.032419 0.033419
3 0.254364 0.676093 0.114713 0.046272
1 0.375312 0.672237 0.032419 0.033419
3 0.423940 0.676093 0.134663 0.046272
2 0.231920 0.791774 0.418953 0.061697
