0 0.272206 0.245232 0.492837 0.051771
4 0.272206 0.217984 0.498567 0.100817
0 0.140401 0.376022 0.229226 0.051771
4 0.140401 0.348774 0.234957 0.100817
6 0.040831 0.489782 0.030086 0.028610
7 0.078080 0.490463 0.110315 0.035422
6 0.202722 0.489782 0.030086 0.028610
7 0.277221 0.494550 0.184814 0.043597
1 0.040831 0.620572 0.030086 0.028610
3 0.078080 0.621253 0.110315 0.035422
1 0.202722 0.620572 0.030086 0.028610
3 0.268625 0.625341 0.167622 0.043597
1 0.421920 0.620572 0.030086 0.028610
3 0.483524 0.621253 0.159026 0.035422
2 0.468481 0.777929 0.438395 0.081744
