0 0.162469 0.135638 0.108312 0.063830
4 0.119647 0.135638 0.198992 0.069149
0 0.277078 0.234043 0.307305 0.063830
4 0.226700 0.234043 0.413098 0.069149
0 0.363980 0.332447 0.375315 0.063830
4 0.287154 0.332447 0.534005 0.069149
0 0.505038 0.430851 0.758186 0.063830
4 0.453401 0.430851 0.866499 0.069149
0 0.246851 0.529255 0.206549 0.063830
4 0.186398 0.529255 0.332494 0.069149
6 0.039043 0.613032 0.032746 0.034574
7 0.096977 0.614362 0.153652 0.042553
1 0.039043 0.711436 0.032746 0.034574
3 0.071788 0.711436 0.103275 0.039894
2 0.617128 0.835106 0.357683 0.085106
