0 0.389435 0.178105 0.734644 0.104575
4 0.389435 0.143791 0.739558 0.166667
0 0.228501 0.351307 0.412776 0.104575
4 0.228501 0.316993 0.417690 0.166667
6 0.042998 0.506536 0.041769 0.055556
7 0.085995 0.509804 0.132678 0.068627
1 0.042998 0.679739 0.041769 0.055556
3 0.079853 0.679739 0.120393 0.062092
1 0.207617 0.679739 0.041769 0.055556
3 0.250614 0.683007 0.132678 0.068627
1 0.384521 0.679739 0.041769 0.055556
3 0.427518 0.683007 0.132678 0.068627
2 0.507371 0.872549 0.680590 0.094771
