5 0.409204 0.091892 0.296020 0.075676
8 0.291045 0.091892 0.537313 0.081081
5 0.539801 0.240541 0.557214 0.075676
8 0.421642 0.240541 0.798507 0.081081
5 0.513682 0.389189 0.504975 0.075676
8 0.395522 0.389189 0.746269 0.081081
6 0.041667 0.580405 0.038557 0.041892
7 0.105100 0.587838 0.170398 0.062162
6 0.256841 0.580405 0.038557 0.041892
7 0.350124 0.582432 0.230100 0.051351
6 0.531716 0.580405 0.038557 0.041892
7 0.593905 0.582432 0.167910 0.051351
6 0.744403 0.580405 0.038557 0.041892
7 0.819030 0.582432 0.192786 0.051351
1 0.041667 0.729054 0.038557 0.041892
3 0.151119 0.736486 0.262438 0.062162
1 0.348881 0.729054 0.038557 0.041892
3 0.418532 0.731081 0.182836 0.051351
2 0.284826 0.904054 0.415423 0.094595
