0 0.293160 0.159544 0.527687 0.099715
4 0.293160 0.122507 0.534202 0.168091
0 0.291531 0.341880 0.524430 0.099715
4 0.291531 0.304843 0.530945 0.168091
2 0.059446 0.509259 0.060261 0.052707
5 0.131107 0.518519 0.210098 0.076923
2 0.328176 0.509259 0.060261 0.052707
5 0.403094 0.518519 0.216612 0.076923
2 0.603420 0.509259 0.060261 0.052707
5 0.701140 0.518519 0.262215 0.076923
3 0.059446 0.691595 0.060261 0.052707
6 0.241857 0.693732 0.431596 0.062678
3 0.549674 0.691595 0.060261 0.052707
6 0.640879 0.700855 0.249186 0.076923
1 0.561889 0.893162 0.570033 0.091168
