5 0.517341 0.270958 0.317919 0.080838
8 0.352601 0.270958 0.653179 0.086826
5 0.518786 0.378743 0.320809 0.080838
8 0.354046 0.378743 0.656069 0.086826
6 0.047688 0.465569 0.043353 0.044910
7 0.112717 0.468563 0.179191 0.056886
6 0.278902 0.465569 0.043353 0.044910
7 0.426301 0.468563 0.343931 0.056886
1 0.047688 0.573353 0.043353 0.044910
3 0.119942 0.576347 0.193642 0.056886
1 0.293353 0.573353 0.043353 0.044910
3 0.365607 0.576347 0.193642 0.056886
2 0.722543 0.702096 0.352601 0.086826
