5 0.404145 0.105459 0.466321 0.044665
8 0.331606 0.105459 0.616580 0.049628
5 0.474093 0.209677 0.704663 0.044665
8 0.426166 0.209677 0.805699 0.049628
5 0.433938 0.313896 0.525907 0.044665
8 0.361399 0.313896 0.676166 0.049628
5 0.174870 0.418114 0.090674 0.044665
8 0.123057 0.418114 0.199482 0.049628
5 0.341969 0.522333 0.398964 0.044665
8 0.283679 0.522333 0.520725 0.049628
6 0.036917 0.644541 0.027202 0.026055
7 0.069301 0.644541 0.097150 0.031017
1 0.036917 0.748759 0.027202 0.026055
3 0.095207 0.748759 0.148964 0.031017
2 0.665803 0.867246 0.300518 0.054591
