0 0.498615 0.113514 0.299169 0.064865
4 0.336565 0.113514 0.628809 0.070270
0 0.463989 0.232432 0.307479 0.064865
4 0.321330 0.232432 0.598338 0.070270
0 0.531856 0.351351 0.409972 0.064865
4 0.380886 0.351351 0.717452 0.070270
0 0.551247 0.470270 0.459834 0.064865
4 0.403047 0.470270 0.761773 0.070270
2 0.042936 0.574324 0.036011 0.035135
5 0.124654 0.578378 0.204986 0.048649
3 0.042936 0.693243 0.036011 0.035135
6 0.135734 0.693243 0.227147 0.040541
3 0.319945 0.693243 0.036011 0.035135
6 0.401662 0.693243 0.204986 0.040541
1 0.486150 0.840541 0.213296 0.091892
