0 0.310937 0.089330 0.090625 0.057072
4 0.192188 0.089330 0.334375 0.062035
0 0.600000 0.198511 0.612500 0.057072
4 0.467187 0.198511 0.884375 0.062035
0 0.545312 0.307692 0.546875 0.057072
4 0.423438 0.307692 0.796875 0.062035
0 0.518750 0.416873 0.487500 0.057072
4 0.395313 0.416873 0.740625 0.062035
0 0.376563 0.526055 0.215625 0.057072
4 0.256250 0.526055 0.462500 0.062035
6 0.047656 0.622208 0.039062 0.031017
7 0.083594 0.624069 0.117188 0.039702
6 0.221094 0.622208 0.039062 0.031017
7 0.292969 0.624069 0.189062 0.039702
1 0.047656 0.731390 0.039062 0.031017
3 0.082031 0.731390 0.114062 0.035980
2 0.415625 0.852357 0.293750 0.054591
