0 0.147632 0.257353 0.245125 0.066176
4 0.147632 0.229779 0.250696 0.113971
0 0.150418 0.363971 0.250696 0.066176
4 0.150418 0.336397 0.256267 0.113971
0 0.222841 0.470588 0.395543 0.066176
4 0.222841 0.443015 0.401114 0.113971
6 0.038997 0.555147 0.027855 0.036765
7 0.094708 0.555147 0.144847 0.044118
6 0.233983 0.555147 0.027855 0.036765
7 0.266017 0.555147 0.097493 0.044118
1 0.038997 0.661765 0.027855 0.036765
3 0.071031 0.661765 0.097493 0.044118
2 0.504178 0.801471 0.607242 0.102941
