7 0.452308 0.219895 0.184615 0.062827
8 0.287692 0.219895 0.520000 0.068063
7 0.643077 0.308901 0.566154 0.062827
8 0.478462 0.308901 0.901538 0.068063
7 0.426154 0.397906 0.132308 0.062827
8 0.261538 0.397906 0.467692 0.068063
7 0.675385 0.486911 0.630769 0.062827
8 0.510769 0.486911 0.966154 0.068063
2 0.048462 0.559555 0.041538 0.035340
5 0.159231 0.562827 0.269231 0.047120
3 0.048462 0.648560 0.041538 0.035340
6 0.159231 0.651832 0.269231 0.047120
1 0.524615 0.744764 0.427692 0.049738
