7 0.380893 0.145433 0.235732 0.055288
8 0.261787 0.145433 0.478908 0.060096
7 0.495037 0.272837 0.464020 0.055288
8 0.375931 0.272837 0.707196 0.060096
7 0.382134 0.400240 0.238213 0.055288
8 0.263027 0.400240 0.481390 0.060096
2 0.038462 0.513221 0.032258 0.031250
5 0.071960 0.513221 0.104218 0.036058
3 0.038462 0.640625 0.032258 0.031250
6 0.085608 0.640625 0.131514 0.036058
3 0.214640 0.640625 0.032258 0.031250
6 0.284119 0.640625 0.176179 0.036058
3 0.435484 0.640625 0.032258 0.031250
6 0.512407 0.640625 0.191067 0.036058
1 0.610422 0.783654 0.228288 0.062500
