5 0.606024 0.113636 0.624096 0.079545
8 0.471084 0.113636 0.898795 0.085227
5 0.590361 0.255682 0.592771 0.079545
8 0.455422 0.255682 0.867470 0.085227
5 0.439759 0.397727 0.291566 0.079545
8 0.304819 0.397727 0.566265 0.085227
6 0.040361 0.519176 0.037349 0.044034
7 0.110241 0.519886 0.181928 0.051136
6 0.265663 0.519176 0.037349 0.044034
7 0.335542 0.519886 0.181928 0.051136
6 0.490964 0.519176 0.037349 0.044034
7 0.558434 0.519886 0.177108 0.051136
6 0.711446 0.519176 0.037349 0.044034
7 0.786145 0.519886 0.191566 0.051136
1 0.040361 0.661222 0.037349 0.044034
3 0.096988 0.661222 0.155422 0.049716
2 0.519277 0.829545 0.103614 0.096591
