0 0.108586 0.200748 0.171717 0.074813
4 0.108586 0.172070 0.176768 0.127182
0 0.234848 0.355362 0.424242 0.074813
4 0.234848 0.326683 0.429293 0.127182
6 0.042929 0.497506 0.040404 0.039900
7 0.118687 0.498753 0.196970 0.047382
6 0.285354 0.497506 0.040404 0.039900
7 0.361111 0.498753 0.196970 0.047382
6 0.527778 0.497506 0.040404 0.039900
7 0.607323 0.498753 0.204545 0.047382
1 0.042929 0.652120 0.040404 0.039900
3 0.118687 0.653367 0.196970 0.047382
1 0.285354 0.652120 0.040404 0.039900
3 0.372475 0.658354 0.219697 0.057357
1 0.550505 0.652120 0.040404 0.039900
3 0.594697 0.653367 0.133838 0.047382
2 0.587121 0.822943 0.426768 0.072319
