0 0.270531 0.089059 0.130435 0.053435
4 0.178744 0.089059 0.318841 0.058524
0 0.248792 0.185751 0.067633 0.053435
4 0.152174 0.185751 0.265700 0.058524
0 0.374396 0.282443 0.391304 0.053435
4 0.295894 0.282443 0.553140 0.058524
0 0.515700 0.379135 0.635266 0.053435
4 0.427536 0.379135 0.816425 0.058524
0 0.512077 0.475827 0.652174 0.053435
4 0.429952 0.475827 0.821256 0.058524
0 0.398551 0.572519 0.391304 0.053435
4 0.307971 0.572519 0.577295 0.058524
6 0.035628 0.657125 0.027778 0.029262
7 0.079106 0.657125 0.119565 0.034351
6 0.198671 0.657125 0.027778 0.029262
7 0.222826 0.657125 0.080918 0.034351
6 0.323068 0.657125 0.027778 0.029262
7 0.372585 0.657125 0.131643 0.034351
1 0.035628 0.753817 0.027778 0.029262
3 0.089976 0.753817 0.141304 0.034351
1 0.220411 0.753817 0.027778 0.029262
3 0.268720 0.753817 0.129227 0.034351
1 0.393116 0.753817 0.027778 0.029262
3 0.423309 0.753817 0.092995 0.034351
1 0.529589 0.753817 0.027778 0.029262
3 0.557367 0.753817 0.088164 0.034351
2 0.247585 0.867684 0.210145 0.063613
