5 0.609043 0.177465 0.569149 0.064789
8 0.460106 0.177465 0.872340 0.070423
5 0.511968 0.295775 0.375000 0.064789
8 0.363032 0.295775 0.678191 0.070423
5 0.577128 0.414085 0.505319 0.064789
8 0.428191 0.414085 0.808511 0.070423
6 0.041223 0.515493 0.034574 0.036620
7 0.081117 0.515493 0.119681 0.042254
6 0.208777 0.515493 0.034574 0.036620
7 0.261968 0.515493 0.146277 0.042254
1 0.041223 0.633803 0.034574 0.036620
3 0.105053 0.633803 0.167553 0.042254
2 0.381649 0.767606 0.486702 0.067606
