0 0.230769 0.118598 0.413793 0.072776
4 0.230769 0.088949 0.419098 0.126685
0 0.279841 0.285714 0.511936 0.072776
4 0.279841 0.250674 0.517241 0.137466
0 0.309019 0.442049 0.570292 0.072776
4 0.309019 0.407008 0.575597 0.137466
6 0.043103 0.576146 0.038462 0.039084
7 0.137268 0.578167 0.232095 0.048518
6 0.322944 0.576146 0.038462 0.039084
7 0.438329 0.583558 0.274536 0.059299
6 0.645225 0.576146 0.038462 0.039084
7 0.746021 0.578167 0.245358 0.048518
1 0.043103 0.732480 0.038462 0.039084
3 0.105438 0.739892 0.168435 0.059299
1 0.259284 0.732480 0.038462 0.039084
3 0.317639 0.734501 0.160477 0.048518
2 0.659151 0.900270 0.527851 0.061995
