0 0.757716 0.225627 0.466049 0.080780
4 0.509259 0.225627 0.969136 0.086351
0 0.728395 0.314763 0.407407 0.080780
4 0.479938 0.314763 0.910494 0.086351
0 0.703704 0.403900 0.314815 0.080780
4 0.444444 0.403900 0.839506 0.086351
0 0.609568 0.493036 0.151235 0.080780
4 0.356481 0.493036 0.663580 0.086351
6 0.051698 0.563370 0.047840 0.043175
7 0.138117 0.572423 0.226852 0.066852
6 0.334105 0.563370 0.047840 0.043175
7 0.452932 0.566852 0.291667 0.055710
1 0.051698 0.652507 0.047840 0.043175
3 0.172068 0.655989 0.294753 0.055710
1 0.402006 0.652507 0.047840 0.043175
3 0.471451 0.655989 0.192901 0.055710
2 0.552469 0.747911 0.475309 0.055710
