5 0.313559 0.240000 0.254237 0.100000
8 0.232446 0.240000 0.421308 0.110000
6 0.035714 0.368750 0.027845 0.057500
7 0.062349 0.368750 0.085956 0.067500
6 0.165254 0.368750 0.027845 0.057500
7 0.195521 0.368750 0.093220 0.067500
6 0.302058 0.368750 0.027845 0.057500
7 0.329903 0.368750 0.088378 0.067500
6 0.434019 0.368750 0.027845 0.057500
7 0.460654 0.375000 0.085956 0.080000
1 0.035714 0.523750 0.027845 0.057500
3 0.063559 0.530000 0.088378 0.080000
1 0.167676 0.523750 0.027845 0.057500
3 0.197942 0.523750 0.093220 0.067500
1 0.304479 0.523750 0.027845 0.057500
3 0.354116 0.523750 0.131961 0.067500
2 0.301453 0.695000 0.351090 0.090000
