7 0.420833 0.105327 0.530556 0.043584
8 0.356944 0.105327 0.663889 0.048426
7 0.344444 0.209443 0.288889 0.043584
8 0.258333 0.209443 0.466667 0.048426
7 0.509722 0.313559 0.736111 0.043584
8 0.452778 0.313559 0.855556 0.048426
7 0.234722 0.417676 0.102778 0.043584
8 0.156944 0.417676 0.263889 0.048426
7 0.405556 0.521792 0.538889 0.043584
8 0.351389 0.521792 0.652778 0.048426
2 0.039583 0.643462 0.029167 0.025424
5 0.071528 0.643462 0.098611 0.030266
2 0.188194 0.643462 0.029167 0.025424
5 0.221528 0.643462 0.101389 0.030266
2 0.339583 0.643462 0.029167 0.025424
5 0.370139 0.643462 0.095833 0.030266
3 0.039583 0.747579 0.029167 0.025424
6 0.067361 0.747579 0.090278 0.030266
3 0.179861 0.747579 0.029167 0.025424
6 0.218750 0.747579 0.112500 0.030266
1 0.633333 0.880145 0.272222 0.082324
