7 0.505168 0.151741 0.529716 0.059701
8 0.397933 0.151741 0.749354 0.064677
7 0.397933 0.246269 0.315245 0.059701
8 0.290698 0.246269 0.534884 0.064677
7 0.364341 0.340796 0.248062 0.059701
8 0.257106 0.340796 0.467700 0.064677
7 0.372093 0.435323 0.263566 0.059701
8 0.264858 0.435323 0.483204 0.064677
7 0.335917 0.529851 0.191214 0.059701
8 0.228682 0.529851 0.410853 0.064677
2 0.040698 0.608831 0.034884 0.033582
5 0.107881 0.608831 0.174419 0.038557
2 0.261628 0.608831 0.034884 0.033582
5 0.328811 0.608831 0.174419 0.038557
2 0.482558 0.608831 0.034884 0.033582
5 0.557494 0.608831 0.189922 0.038557
3 0.040698 0.703358 0.034884 0.033582
6 0.133721 0.703358 0.226098 0.038557
1 0.342377 0.823383 0.524548 0.084577
