0 0.451250 0.301333 0.857500 0.077333
4 0.451250 0.266667 0.862500 0.141333
6 0.041875 0.427333 0.038750 0.041333
7 0.134375 0.433333 0.228750 0.058667
6 0.315625 0.427333 0.038750 0.041333
7 0.393125 0.428000 0.198750 0.048000
6 0.559375 0.427333 0.038750 0.041333
7 0.636875 0.428000 0.198750 0.048000
1 0.041875 0.576667 0.038750 0.041333
3 0.119375 0.582667 0.198750 0.058667
1 0.285625 0.576667 0.038750 0.041333
3 0.356875 0.577333 0.186250 0.048000
1 0.516875 0.576667 0.038750 0.041333
3 0.556875 0.582667 0.123750 0.058667
2 0.752500 0.752000 0.360000 0.093333
