5 0.209913 0.107988 0.145773 0.050296
8 0.155977 0.107988 0.259475 0.056213
5 0.411079 0.247041 0.548105 0.050296
8 0.357143 0.247041 0.661808 0.056213
5 0.549563 0.386095 0.725948 0.050296
8 0.470845 0.386095 0.889213 0.056213
6 0.040816 0.550296 0.029155 0.029586
7 0.074344 0.550296 0.102041 0.035503
6 0.195335 0.550296 0.029155 0.029586
7 0.231778 0.550296 0.107872 0.035503
6 0.355685 0.550296 0.029155 0.029586
7 0.421283 0.551775 0.166181 0.038462
1 0.040816 0.689349 0.029155 0.029586
3 0.077259 0.689349 0.107872 0.035503
1 0.201166 0.689349 0.029155 0.029586
3 0.230321 0.690828 0.093294 0.038462
1 0.346939 0.689349 0.029155 0.029586
3 0.376093 0.690828 0.093294 0.038462
2 0.335277 0.856509 0.349854 0.085799
