0 0.507764 0.219780 0.232919 0.106227
4 0.326087 0.219780 0.602484 0.113553
0 0.591615 0.351648 0.363354 0.106227
4 0.400621 0.351648 0.751553 0.113553
2 0.052019 0.458791 0.048137 0.056777
5 0.112578 0.458791 0.175466 0.064103
2 0.283385 0.458791 0.048137 0.056777
5 0.415373 0.465201 0.318323 0.076923
3 0.052019 0.590659 0.048137 0.056777
6 0.152950 0.590659 0.256211 0.064103
3 0.364130 0.590659 0.048137 0.056777
6 0.506988 0.590659 0.340062 0.064103
3 0.760093 0.590659 0.048137 0.056777
6 0.845497 0.590659 0.225155 0.064103
1 0.597826 0.747253 0.338509 0.106227
