0 0.401299 0.144068 0.257143 0.079903
4 0.276623 0.144068 0.511688 0.084746
0 0.400000 0.301453 0.296104 0.079903
4 0.285714 0.301453 0.529870 0.084746
6 0.046104 0.440073 0.045455 0.042373
7 0.135714 0.443099 0.229870 0.053269
6 0.322727 0.440073 0.045455 0.042373
7 0.411039 0.449153 0.227273 0.065375
1 0.046104 0.597458 0.045455 0.042373
3 0.094156 0.600484 0.146753 0.053269
1 0.239610 0.597458 0.045455 0.042373
3 0.295455 0.600484 0.162338 0.053269
1 0.448701 0.597458 0.045455 0.042373
3 0.548701 0.606538 0.250649 0.065375
2 0.079221 0.756659 0.106494 0.046005
