7 0.514628 0.147783 0.507979 0.044335
8 0.397606 0.147783 0.747340 0.049261
7 0.460106 0.241379 0.398936 0.044335
8 0.343085 0.241379 0.638298 0.049261
7 0.534574 0.334975 0.547872 0.044335
8 0.417553 0.334975 0.787234 0.049261
7 0.554521 0.428571 0.587766 0.044335
8 0.437500 0.428571 0.827128 0.049261
7 0.466755 0.522167 0.412234 0.044335
8 0.349734 0.522167 0.651596 0.049261
2 0.037899 0.604064 0.027926 0.025862
5 0.073803 0.604064 0.105053 0.030788
2 0.190824 0.604064 0.027926 0.025862
5 0.220080 0.604064 0.091755 0.030788
3 0.037899 0.697660 0.027926 0.025862
6 0.100399 0.697660 0.158245 0.030788
3 0.244016 0.697660 0.027926 0.025862
6 0.289229 0.697660 0.123670 0.030788
1 0.687500 0.815271 0.210106 0.073892
