0 0.239377 0.137313 0.427762 0.095522
4 0.239377 0.102985 0.433428 0.158209
0 0.185552 0.325373 0.320113 0.095522
4 0.185552 0.291045 0.325779 0.158209
6 0.049575 0.497015 0.048159 0.050746
7 0.130312 0.497015 0.215297 0.056716
6 0.315864 0.497015 0.048159 0.050746
7 0.450425 0.497015 0.322946 0.056716
6 0.689802 0.497015 0.048159 0.050746
7 0.794618 0.497015 0.263456 0.056716
1 0.049575 0.685075 0.048159 0.050746
3 0.174221 0.691045 0.303116 0.068657
2 0.308782 0.886567 0.555241 0.077612
