0 0.405983 0.120690 0.185185 0.110345
4 0.262108 0.120690 0.478632 0.117241
0 0.591168 0.293103 0.566952 0.110345
4 0.450142 0.293103 0.854701 0.117241
6 0.049858 0.439655 0.048433 0.058621
7 0.109687 0.448276 0.173789 0.082759
1 0.049858 0.612069 0.048433 0.058621
3 0.149573 0.620690 0.253561 0.082759
1 0.354701 0.612069 0.048433 0.058621
3 0.410256 0.613793 0.165242 0.068966
1 0.571225 0.612069 0.048433 0.058621
3 0.710826 0.620690 0.333333 0.082759
2 0.504274 0.815517 0.433048 0.120690
