5 0.639566 0.079949 0.644986 0.083756
8 0.494580 0.079949 0.940379 0.088832
5 0.483740 0.211929 0.333333 0.083756
8 0.338753 0.211929 0.628726 0.088832
5 0.424119 0.343909 0.214092 0.083756
8 0.279133 0.343909 0.509485 0.088832
5 0.495935 0.475888 0.357724 0.083756
8 0.350949 0.475888 0.653117 0.088832
6 0.048780 0.586294 0.048780 0.045685
7 0.105691 0.588832 0.168022 0.055838
6 0.265583 0.586294 0.048780 0.045685
7 0.308943 0.588832 0.140921 0.055838
1 0.048780 0.718274 0.048780 0.045685
3 0.109756 0.718274 0.176152 0.050761
1 0.273713 0.718274 0.048780 0.045685
3 0.322493 0.718274 0.151762 0.050761
2 0.436314 0.864213 0.558266 0.073604
