0 0.369748 0.161342 0.319328 0.070288
4 0.277311 0.161342 0.509804 0.076677
0 0.457983 0.253994 0.602241 0.070288
4 0.392157 0.253994 0.739496 0.076677
0 0.259104 0.346645 0.154062 0.070288
4 0.180672 0.346645 0.316527 0.076677
0 0.554622 0.439297 0.605042 0.070288
4 0.441176 0.439297 0.837535 0.076677
0 0.249300 0.531949 0.201681 0.070288
4 0.187675 0.531949 0.330532 0.076677
6 0.042017 0.608626 0.033613 0.038339
7 0.116246 0.608626 0.187675 0.044728
1 0.042017 0.701278 0.033613 0.038339
3 0.120448 0.701278 0.196078 0.044728
2 0.456583 0.803514 0.700280 0.057508
