5 0.443503 0.136905 0.514124 0.077381
8 0.364407 0.136905 0.677966 0.083333
5 0.418079 0.297619 0.231638 0.077381
8 0.281073 0.297619 0.511299 0.083333
6 0.045904 0.438244 0.040960 0.043155
7 0.146186 0.440476 0.247175 0.053571
6 0.343927 0.438244 0.040960 0.043155
7 0.399011 0.440476 0.156780 0.053571
6 0.551554 0.438244 0.040960 0.043155
7 0.606638 0.440476 0.156780 0.053571
1 0.045904 0.598958 0.040960 0.043155
3 0.184322 0.601190 0.323446 0.053571
1 0.420198 0.598958 0.040960 0.043155
3 0.489407 0.601190 0.185028 0.053571
2 0.646893 0.791667 0.118644 0.107143
