0 0.457254 0.094366 0.660622 0.061972
4 0.405440 0.094366 0.769430 0.067606
0 0.532383 0.173239 0.795337 0.061972
4 0.476684 0.173239 0.911917 0.067606
0 0.427461 0.252113 0.642487 0.061972
4 0.386010 0.252113 0.730570 0.067606
0 0.509067 0.330986 0.639896 0.061972
4 0.426166 0.330986 0.810881 0.067606
0 0.321244 0.409859 0.181347 0.061972
4 0.217617 0.409859 0.393782 0.067606
0 0.577720 0.488732 0.766839 0.061972
4 0.492228 0.488732 0.943005 0.067606
0 0.360104 0.567606 0.341969 0.061972
4 0.277202 0.567606 0.512953 0.067606
0 0.439119 0.646479 0.531088 0.061972
4 0.363990 0.646479 0.686528 0.067606
6 0.038860 0.711268 0.031088 0.033803
7 0.079016 0.711268 0.116580 0.039437
6 0.202073 0.711268 0.031088 0.033803
7 0.244819 0.711268 0.121762 0.039437
1 0.038860 0.790141 0.031088 0.033803
3 0.084197 0.790141 0.126943 0.039437
1 0.212435 0.790141 0.031088 0.033803
3 0.265544 0.790141 0.142487 0.039437
2 0.568653 0.884507 0.215026 0.064789
