0 0.208092 0.135036 0.364162 0.043796
4 0.208092 0.116788 0.369942 0.075426
0 0.238439 0.232360 0.424855 0.043796
4 0.238439 0.211679 0.430636 0.080292
0 0.362717 0.319951 0.673410 0.043796
4 0.362717 0.301703 0.679191 0.075426
0 0.121387 0.417275 0.190751 0.043796
4 0.121387 0.396594 0.196532 0.080292
0 0.248555 0.509732 0.445087 0.043796
4 0.248555 0.489051 0.450867 0.080292
0 0.291908 0.597324 0.531792 0.043796
4 0.291908 0.579075 0.537572 0.075426
2 0.040462 0.680049 0.028902 0.024331
5 0.140173 0.681265 0.234104 0.031630
2 0.326590 0.680049 0.028902 0.024331
5 0.364162 0.680049 0.109827 0.029197
2 0.488439 0.680049 0.028902 0.024331
5 0.533237 0.680049 0.124277 0.029197
3 0.040462 0.772506 0.028902 0.024331
6 0.082370 0.772506 0.118497 0.029197
3 0.210983 0.772506 0.028902 0.024331
6 0.303468 0.772506 0.219653 0.029197
3 0.482659 0.772506 0.028902 0.024331
6 0.575145 0.772506 0.219653 0.029197
1 0.527457 0.878345 0.372832 0.051095
