0 0.422185 0.095491 0.274834 0.071618
4 0.294702 0.095491 0.536424 0.076923
0 0.523179 0.241379 0.496689 0.071618
4 0.400662 0.241379 0.748344 0.076923
0 0.597682 0.387268 0.533113 0.071618
4 0.447020 0.387268 0.841060 0.076923
6 0.053808 0.516578 0.048013 0.038462
7 0.110099 0.522546 0.167219 0.055703
6 0.280629 0.516578 0.048013 0.038462
7 0.419702 0.517241 0.332781 0.045093
6 0.673013 0.516578 0.048013 0.038462
7 0.757450 0.517241 0.223510 0.045093
1 0.053808 0.662467 0.048013 0.038462
3 0.138245 0.663130 0.223510 0.045093
1 0.336921 0.662467 0.048013 0.038462
3 0.446192 0.668435 0.273179 0.055703
2 0.271523 0.820955 0.384106 0.063660
