7 0.621835 0.073171 0.534810 0.073171
8 0.460443 0.073171 0.863924 0.078591
7 0.544304 0.227642 0.594937 0.073171
8 0.436709 0.227642 0.816456 0.078591
7 0.575949 0.382114 0.506329 0.073171
8 0.430380 0.382114 0.803797 0.078591
2 0.052215 0.574526 0.047468 0.040650
5 0.161392 0.574526 0.272152 0.046070
2 0.381329 0.574526 0.047468 0.040650
5 0.455696 0.579946 0.202532 0.056911
3 0.052215 0.728997 0.047468 0.040650
6 0.106013 0.734417 0.161392 0.056911
3 0.270570 0.728997 0.047468 0.040650
6 0.381329 0.728997 0.275316 0.046070
3 0.602848 0.728997 0.047468 0.040650
6 0.708861 0.728997 0.265823 0.046070
1 0.550633 0.898374 0.582278 0.070461
