0 0.472581 0.068245 0.403226 0.058496
4 0.351613 0.068245 0.651613 0.064067
0 0.453226 0.199164 0.377419 0.058496
4 0.335484 0.199164 0.619355 0.064067
0 0.482258 0.330084 0.493548 0.058496
4 0.379032 0.330084 0.706452 0.064067
0 0.579032 0.461003 0.622581 0.058496
4 0.459677 0.461003 0.867742 0.064067
6 0.047581 0.578691 0.037097 0.032033
7 0.126613 0.578691 0.201613 0.037604
6 0.307258 0.578691 0.037097 0.032033
7 0.375000 0.579387 0.179032 0.038997
6 0.544355 0.578691 0.037097 0.032033
7 0.578226 0.578691 0.111290 0.037604
1 0.047581 0.709610 0.037097 0.032033
3 0.083065 0.709610 0.114516 0.037604
1 0.220161 0.709610 0.037097 0.032033
3 0.270161 0.709610 0.143548 0.037604
1 0.421774 0.709610 0.037097 0.032033
3 0.479839 0.709610 0.159677 0.037604
2 0.720968 0.852368 0.248387 0.055710
