0 0.483918 0.129794 0.517544 0.076696
4 0.384503 0.129794 0.722222 0.082596
0 0.520468 0.292035 0.426901 0.076696
4 0.380117 0.292035 0.713450 0.082596
6 0.046784 0.436578 0.040936 0.041298
7 0.141813 0.438053 0.236842 0.050147
6 0.336257 0.436578 0.040936 0.041298
7 0.403509 0.438053 0.181287 0.050147
6 0.570175 0.436578 0.040936 0.041298
7 0.695906 0.438053 0.298246 0.050147
1 0.046784 0.598820 0.040936 0.041298
3 0.156433 0.600295 0.266082 0.050147
1 0.365497 0.598820 0.040936 0.041298
3 0.475146 0.600295 0.266082 0.050147
2 0.292398 0.783186 0.280702 0.085546
