0 0.342647 0.189698 0.191176 0.062814
4 0.232353 0.189698 0.417647 0.067839
0 0.555882 0.302764 0.552941 0.062814
4 0.429412 0.302764 0.811765 0.067839
0 0.363235 0.415829 0.232353 0.062814
4 0.252941 0.415829 0.458824 0.067839
2 0.046324 0.514447 0.039706 0.033920
5 0.124265 0.514447 0.201471 0.038945
2 0.300735 0.514447 0.039706 0.033920
5 0.346324 0.514447 0.136765 0.038945
3 0.046324 0.627513 0.039706 0.033920
6 0.088971 0.628141 0.130882 0.040201
3 0.230147 0.627513 0.039706 0.033920
6 0.338971 0.627513 0.263235 0.038945
3 0.546324 0.627513 0.039706 0.033920
6 0.628676 0.628141 0.210294 0.040201
1 0.304412 0.763819 0.491176 0.080402
