0 0.349530 0.137119 0.304075 0.094183
4 0.264890 0.137119 0.479624 0.099723
0 0.288401 0.253463 0.169279 0.094183
4 0.200627 0.253463 0.351097 0.099723
0 0.399687 0.369806 0.335423 0.094183
4 0.297806 0.369806 0.545455 0.099723
0 0.426332 0.486150 0.520376 0.094183
4 0.357367 0.486150 0.664577 0.099723
6 0.056426 0.580332 0.056426 0.049861
7 0.153605 0.580332 0.257053 0.055402
6 0.369906 0.580332 0.056426 0.049861
7 0.481191 0.583102 0.285266 0.060942
6 0.711599 0.580332 0.056426 0.049861
7 0.830721 0.580332 0.300940 0.055402
1 0.056426 0.696676 0.056426 0.049861
3 0.175549 0.696676 0.300940 0.055402
1 0.413793 0.696676 0.056426 0.049861
3 0.532915 0.696676 0.300940 0.055402
2 0.653605 0.821330 0.435737 0.066482
