5 0.252778 0.231392 0.188889 0.084142
8 0.187500 0.231392 0.325000 0.090615
6 0.045139 0.432848 0.040278 0.046926
7 0.103472 0.433657 0.162500 0.055016
6 0.257639 0.432848 0.040278 0.046926
7 0.317361 0.433657 0.165278 0.055016
1 0.045139 0.588188 0.040278 0.046926
3 0.086806 0.595469 0.129167 0.067961
1 0.224306 0.588188 0.040278 0.046926
3 0.272917 0.588997 0.143056 0.055016
1 0.417361 0.588188 0.040278 0.046926
3 0.492361 0.588997 0.195833 0.055016
2 0.705556 0.771845 0.388889 0.103560
