0 0.223457 0.288860 0.402469 0.085492
4 0.223457 0.256477 0.407407 0.145078
6 0.043827 0.429404 0.043210 0.045337
7 0.100617 0.431347 0.161728 0.054404
6 0.250000 0.429404 0.043210 0.045337
7 0.342593 0.431347 0.233333 0.054404
6 0.527778 0.429404 0.043210 0.045337
7 0.608025 0.431347 0.208642 0.054404
6 0.780864 0.429404 0.043210 0.045337
7 0.825309 0.436528 0.137037 0.064767
1 0.043827 0.584845 0.043210 0.045337
3 0.124074 0.586788 0.208642 0.054404
1 0.296914 0.584845 0.043210 0.045337
3 0.379630 0.586788 0.213580 0.054404
1 0.554938 0.584845 0.043210 0.045337
3 0.599383 0.591969 0.137037 0.064767
2 0.560494 0.740933 0.291358 0.046632
