5 0.463504 0.193029 0.571776 0.056300
8 0.386861 0.193029 0.729927 0.061662
5 0.368613 0.327078 0.377129 0.056300
8 0.290754 0.327078 0.537713 0.061662
6 0.036496 0.494638 0.029197 0.032172
7 0.120438 0.500000 0.201946 0.048257
6 0.282238 0.494638 0.029197 0.032172
7 0.318735 0.500000 0.107056 0.048257
1 0.036496 0.628686 0.029197 0.032172
3 0.093674 0.634048 0.148418 0.048257
1 0.228710 0.628686 0.029197 0.032172
3 0.298054 0.634048 0.172749 0.048257
1 0.445255 0.628686 0.029197 0.032172
3 0.501217 0.630027 0.145985 0.040214
2 0.468370 0.770777 0.508516 0.048257
