0 0.263682 0.137280 0.482587 0.055416
4 0.263682 0.117128 0.487562 0.090680
0 0.165423 0.243073 0.286070 0.055416
4 0.165423 0.222922 0.291045 0.090680
0 0.186567 0.356423 0.328358 0.055416
4 0.186567 0.332494 0.333333 0.098237
0 0.231343 0.462217 0.417910 0.055416
4 0.231343 0.438287 0.422886 0.098237
0 0.250000 0.560453 0.455224 0.055416
4 0.250000 0.540302 0.460199 0.090680
6 0.037313 0.656171 0.029851 0.030227
7 0.084577 0.656171 0.129353 0.035264
1 0.037313 0.761965 0.029851 0.030227
3 0.126866 0.763224 0.213930 0.037783
1 0.296020 0.761965 0.029851 0.030227
3 0.355721 0.761965 0.154229 0.035264
1 0.495025 0.761965 0.029851 0.030227
3 0.529851 0.761965 0.104478 0.035264
1 0.644279 0.761965 0.029851 0.030227
3 0.679104 0.761965 0.104478 0.035264
2 0.328358 0.886650 0.427861 0.068010
