5 0.474699 0.194842 0.255422 0.100287
8 0.313253 0.194842 0.583133 0.106017
6 0.044578 0.415473 0.045783 0.054441
7 0.122892 0.419771 0.207229 0.068768
6 0.295181 0.415473 0.045783 0.054441
7 0.337349 0.419771 0.134940 0.068768
6 0.473494 0.415473 0.045783 0.054441
7 0.538554 0.415473 0.180723 0.060172
1 0.044578 0.593123 0.045783 0.054441
3 0.121687 0.593123 0.204819 0.060172
1 0.292771 0.593123 0.045783 0.054441
3 0.371084 0.593123 0.207229 0.060172
2 0.651807 0.795129 0.224096 0.103152
