0 0.093023 0.144737 0.133721 0.093567
4 0.093023 0.111111 0.139535 0.154971
0 0.178779 0.328947 0.305233 0.093567
4 0.178779 0.295322 0.311047 0.154971
6 0.050872 0.497076 0.049419 0.049708
7 0.111919 0.497076 0.177326 0.055556
6 0.280523 0.497076 0.049419 0.049708
7 0.337209 0.502924 0.168605 0.067251
1 0.050872 0.681287 0.049419 0.049708
3 0.106105 0.681287 0.165698 0.055556
1 0.268895 0.681287 0.049419 0.049708
3 0.369186 0.687135 0.255814 0.067251
2 0.261628 0.888889 0.459302 0.096491
