0 0.079890 0.201102 0.110193 0.066116
4 0.079890 0.174931 0.115702 0.112948
0 0.203857 0.308540 0.358127 0.066116
4 0.203857 0.282369 0.363636 0.112948
0 0.234160 0.407713 0.418733 0.066116
4 0.234160 0.385675 0.424242 0.104683
0 0.194215 0.515152 0.338843 0.066116
4 0.194215 0.493113 0.344353 0.104683
6 0.042700 0.610193 0.035813 0.035813
7 0.118457 0.610193 0.192837 0.041322
1 0.042700 0.717631 0.035813 0.035813
3 0.097796 0.717631 0.151515 0.041322
1 0.243802 0.717631 0.035813 0.035813
3 0.290634 0.717631 0.134986 0.041322
1 0.428375 0.717631 0.035813 0.035813
3 0.464187 0.717631 0.112948 0.041322
2 0.392562 0.845730 0.311295 0.077135
