7 0.469937 0.150289 0.572785 0.063584
8 0.393987 0.150289 0.731013 0.069364
7 0.484177 0.277457 0.588608 0.063584
8 0.405063 0.277457 0.753165 0.069364
7 0.395570 0.404624 0.240506 0.063584
8 0.273734 0.404624 0.490506 0.069364
2 0.048259 0.515173 0.039557 0.036127
5 0.141614 0.515896 0.232595 0.043353
3 0.048259 0.642341 0.039557 0.036127
6 0.147943 0.647399 0.245253 0.052023
3 0.350475 0.642341 0.039557 0.036127
6 0.472310 0.643064 0.289557 0.043353
1 0.275316 0.783237 0.227848 0.063584
