0 0.589783 0.105459 0.455108 0.064516
4 0.422601 0.105459 0.795666 0.069479
0 0.534056 0.199752 0.399381 0.064516
4 0.380805 0.199752 0.712074 0.069479
0 0.447368 0.294045 0.182663 0.064516
4 0.283282 0.294045 0.517028 0.069479
0 0.438080 0.388337 0.188854 0.064516
4 0.280186 0.388337 0.510836 0.069479
0 0.563467 0.482630 0.464396 0.064516
4 0.411765 0.482630 0.773994 0.069479
0 0.489164 0.576923 0.334365 0.064516
4 0.342105 0.576923 0.634675 0.069479
2 0.049536 0.656328 0.043344 0.034739
5 0.167183 0.656328 0.284830 0.039702
2 0.390093 0.656328 0.043344 0.034739
5 0.447368 0.656328 0.164087 0.039702
3 0.049536 0.750620 0.043344 0.034739
6 0.167183 0.750620 0.284830 0.039702
3 0.390093 0.750620 0.043344 0.034739
6 0.452012 0.750620 0.173375 0.039702
1 0.520124 0.872208 0.272446 0.089330
