5 0.416667 0.070588 0.450617 0.076471
8 0.336420 0.070588 0.617284 0.082353
5 0.628086 0.226471 0.663580 0.076471
8 0.495370 0.226471 0.935185 0.082353
5 0.506173 0.382353 0.438272 0.076471
8 0.378086 0.382353 0.700617 0.082353
6 0.050154 0.580147 0.044753 0.042647
7 0.094907 0.586765 0.140432 0.061765
1 0.050154 0.736029 0.044753 0.042647
3 0.133488 0.736765 0.217593 0.050000
1 0.323302 0.736029 0.044753 0.042647
3 0.381944 0.742647 0.168210 0.061765
1 0.547068 0.736029 0.044753 0.042647
3 0.593364 0.736765 0.143519 0.050000
2 0.677469 0.900000 0.496914 0.058824
