5 0.299742 0.105598 0.222222 0.048346
8 0.218346 0.105598 0.390181 0.053435
5 0.268734 0.225191 0.155039 0.048346
8 0.186047 0.225191 0.325581 0.053435
5 0.364341 0.344784 0.335917 0.048346
8 0.279070 0.344784 0.511628 0.053435
5 0.361757 0.464377 0.315245 0.048346
8 0.272610 0.464377 0.498708 0.053435
6 0.037468 0.571247 0.028424 0.027990
7 0.083979 0.571247 0.126615 0.033079
6 0.210594 0.571247 0.028424 0.027990
7 0.270026 0.571247 0.152455 0.033079
6 0.409561 0.571247 0.028424 0.027990
7 0.445736 0.571247 0.105943 0.033079
1 0.037468 0.690840 0.028424 0.027990
3 0.072351 0.690840 0.103359 0.033079
1 0.187339 0.690840 0.028424 0.027990
3 0.237726 0.690840 0.134367 0.033079
1 0.368217 0.690840 0.028424 0.027990
3 0.427649 0.690840 0.152455 0.033079
2 0.304910 0.825700 0.325581 0.058524
