5 0.654952 0.082278 0.440895 0.075949
8 0.453674 0.082278 0.849840 0.081013
5 0.611821 0.196203 0.354633 0.075949
8 0.410543 0.196203 0.763578 0.081013
5 0.506390 0.310127 0.143770 0.075949
8 0.305112 0.310127 0.552716 0.081013
5 0.685304 0.424051 0.501597 0.075949
8 0.484026 0.424051 0.910543 0.081013
5 0.648562 0.537975 0.428115 0.075949
8 0.447284 0.537975 0.837061 0.081013
6 0.055112 0.632278 0.052716 0.041772
7 0.165335 0.635443 0.279553 0.053165
6 0.392173 0.632278 0.052716 0.041772
7 0.460863 0.640506 0.196486 0.063291
6 0.646166 0.632278 0.052716 0.041772
7 0.750000 0.635443 0.266773 0.053165
1 0.055112 0.746203 0.052716 0.041772
3 0.109425 0.754430 0.167732 0.063291
2 0.375399 0.878481 0.444089 0.078481
