0 0.641026 0.190123 0.621083 0.088889
4 0.488604 0.190123 0.931624 0.093827
0 0.349003 0.330864 0.276353 0.088889
4 0.256410 0.330864 0.467236 0.093827
6 0.052707 0.450617 0.054131 0.046914
7 0.145299 0.459259 0.245014 0.069136
6 0.349003 0.450617 0.054131 0.046914
7 0.477208 0.453086 0.316239 0.056790
1 0.052707 0.591358 0.054131 0.046914
3 0.182336 0.600000 0.319088 0.069136
1 0.423077 0.591358 0.054131 0.046914
3 0.508547 0.600000 0.230769 0.069136
2 0.753561 0.746914 0.378917 0.076543
