5 0.595550 0.237903 0.489529 0.077957
8 0.433246 0.237903 0.819372 0.083333
6 0.044503 0.427419 0.041885 0.043011
7 0.172775 0.427419 0.303665 0.048387
6 0.395288 0.427419 0.041885 0.043011
7 0.494764 0.432796 0.246073 0.059140
1 0.044503 0.577957 0.041885 0.043011
3 0.164921 0.577957 0.287958 0.048387
1 0.379581 0.577957 0.041885 0.043011
3 0.472513 0.577957 0.232984 0.048387
1 0.659686 0.577957 0.041885 0.043011
3 0.752618 0.577957 0.232984 0.048387
2 0.577225 0.743280 0.421466 0.072581
