7 0.589489 0.101828 0.474432 0.060052
8 0.427557 0.101828 0.803977 0.065274
7 0.576705 0.208877 0.448864 0.060052
8 0.414773 0.208877 0.778409 0.065274
7 0.659091 0.315927 0.613636 0.060052
8 0.497159 0.315927 0.943182 0.065274
7 0.620739 0.422977 0.536932 0.060052
8 0.458807 0.422977 0.866477 0.065274
7 0.656250 0.530026 0.607955 0.060052
8 0.494318 0.530026 0.937500 0.065274
2 0.044034 0.621410 0.036932 0.033943
5 0.157670 0.626632 0.269886 0.049608
2 0.365057 0.621410 0.036932 0.033943
5 0.495739 0.626632 0.303977 0.049608
3 0.044034 0.728460 0.036932 0.033943
6 0.095170 0.729765 0.144886 0.041775
3 0.240057 0.728460 0.036932 0.033943
6 0.333807 0.733681 0.230114 0.049608
1 0.228693 0.845953 0.144886 0.054830
