7 0.581197 0.086207 0.672365 0.059113
8 0.472934 0.086207 0.894587 0.064039
7 0.497151 0.197044 0.504274 0.059113
8 0.388889 0.197044 0.726496 0.064039
7 0.625356 0.307882 0.737892 0.059113
8 0.511396 0.307882 0.971510 0.064039
7 0.444444 0.418719 0.347578 0.059113
8 0.323362 0.418719 0.595442 0.064039
7 0.331909 0.529557 0.247863 0.059113
8 0.242165 0.529557 0.433048 0.064039
2 0.044872 0.625000 0.038462 0.033251
5 0.091880 0.628079 0.138177 0.044335
2 0.234330 0.625000 0.038462 0.033251
5 0.281339 0.625000 0.138177 0.038177
2 0.423789 0.625000 0.038462 0.033251
5 0.483618 0.625000 0.163818 0.038177
3 0.044872 0.735837 0.038462 0.033251
6 0.134615 0.738916 0.223647 0.044335
3 0.319801 0.735837 0.038462 0.033251
6 0.402422 0.735837 0.209402 0.038177
3 0.580484 0.735837 0.038462 0.033251
6 0.646011 0.735837 0.175214 0.038177
1 0.524217 0.874384 0.216524 0.088670
