0 0.263350 0.216216 0.254854 0.084084
4 0.206311 0.216216 0.373786 0.090090
0 0.399272 0.345345 0.449029 0.084084
4 0.322816 0.345345 0.606796 0.090090
6 0.040049 0.454955 0.036408 0.045045
7 0.084951 0.454955 0.131068 0.051051
6 0.214806 0.454955 0.036408 0.045045
7 0.276699 0.454955 0.165049 0.051051
6 0.423544 0.454955 0.036408 0.045045
7 0.502427 0.454955 0.199029 0.051051
1 0.040049 0.584084 0.036408 0.045045
3 0.089806 0.584084 0.140777 0.051051
1 0.224515 0.584084 0.036408 0.045045
3 0.303398 0.584084 0.199029 0.051051
1 0.467233 0.584084 0.036408 0.045045
3 0.516990 0.584084 0.140777 0.051051
1 0.651699 0.584084 0.036408 0.045045
3 0.695388 0.590090 0.128641 0.063063
2 0.717233 0.720721 0.390777 0.060060
