5 0.298765 0.080563 0.256790 0.081841
8 0.225926 0.080563 0.407407 0.086957
5 0.491358 0.195652 0.671605 0.081841
8 0.425926 0.195652 0.807407 0.086957
5 0.440741 0.310742 0.441975 0.081841
8 0.343210 0.310742 0.641975 0.086957
5 0.541975 0.425831 0.575309 0.081841
8 0.427160 0.425831 0.809877 0.086957
5 0.585185 0.540921 0.740741 0.081841
8 0.490123 0.540921 0.935802 0.086957
6 0.043827 0.634910 0.043210 0.044757
7 0.082099 0.634910 0.124691 0.049872
6 0.212963 0.634910 0.043210 0.044757
7 0.254938 0.634910 0.132099 0.049872
6 0.389506 0.634910 0.043210 0.044757
7 0.461111 0.638107 0.191358 0.056266
6 0.625309 0.634910 0.043210 0.044757
7 0.696914 0.634910 0.191358 0.049872
1 0.043827 0.750000 0.043210 0.044757
3 0.083333 0.753197 0.127160 0.056266
1 0.215432 0.750000 0.043210 0.044757
3 0.287037 0.750000 0.191358 0.049872
2 0.317284 0.873402 0.407407 0.061381
