5 0.460000 0.263350 0.373333 0.053398
8 0.340000 0.263350 0.620000 0.058252
5 0.435000 0.338592 0.223333 0.053398
8 0.290000 0.338592 0.520000 0.058252
5 0.521667 0.413835 0.663333 0.053398
8 0.443333 0.413835 0.826667 0.058252
5 0.498333 0.489078 0.430000 0.053398
8 0.373333 0.489078 0.686667 0.058252
6 0.050833 0.550364 0.041667 0.030340
7 0.105833 0.550364 0.158333 0.035194
1 0.050833 0.625607 0.041667 0.030340
3 0.112500 0.628641 0.171667 0.041262
1 0.282500 0.625607 0.041667 0.030340
3 0.345833 0.625607 0.175000 0.035194
1 0.517500 0.625607 0.041667 0.030340
3 0.592500 0.625607 0.198333 0.035194
2 0.716667 0.709951 0.340000 0.048544
