5 0.610697 0.119512 0.649254 0.078049
8 0.480100 0.119512 0.915423 0.082927
5 0.600746 0.224390 0.629353 0.078049
8 0.470149 0.224390 0.895522 0.082927
5 0.360697 0.329268 0.149254 0.078049
8 0.230100 0.329268 0.415423 0.082927
5 0.420398 0.434146 0.268657 0.078049
8 0.289801 0.434146 0.534826 0.082927
5 0.613184 0.539024 0.654229 0.078049
8 0.482587 0.539024 0.920398 0.082927
6 0.044154 0.623780 0.043532 0.042683
7 0.106343 0.623780 0.172886 0.047561
6 0.261816 0.623780 0.043532 0.042683
7 0.305348 0.623780 0.135572 0.047561
1 0.044154 0.728659 0.043532 0.042683
3 0.097637 0.732927 0.155473 0.056098
1 0.244403 0.728659 0.043532 0.042683
3 0.350124 0.728659 0.259950 0.047561
2 0.624378 0.856098 0.631841 0.087805
