7 0.564320 0.184278 0.614078 0.064433
8 0.447816 0.184278 0.851942 0.069588
7 0.253641 0.300258 0.177184 0.064433
8 0.183252 0.300258 0.322816 0.069588
7 0.550971 0.416237 0.786408 0.064433
8 0.484223 0.416237 0.924757 0.069588
2 0.038835 0.515464 0.033981 0.036082
5 0.115291 0.515464 0.191748 0.041237
2 0.274272 0.515464 0.033981 0.036082
5 0.326456 0.519330 0.143204 0.048969
2 0.461165 0.515464 0.033981 0.036082
5 0.521845 0.515464 0.160194 0.041237
3 0.038835 0.631443 0.033981 0.036082
6 0.143204 0.631443 0.247573 0.041237
3 0.330097 0.631443 0.033981 0.036082
6 0.416262 0.635309 0.211165 0.048969
3 0.584951 0.631443 0.033981 0.036082
6 0.625000 0.635309 0.118932 0.048969
3 0.747573 0.631443 0.033981 0.036082
6 0.797330 0.635309 0.138350 0.048969
1 0.276699 0.765464 0.368932 0.072165
