0 0.107649 0.118490 0.164306 0.078125
4 0.107649 0.083333 0.169972 0.143229
0 0.157224 0.256510 0.263456 0.078125
4 0.157224 0.221354 0.269122 0.143229
0 0.355524 0.384115 0.660057 0.078125
4 0.355524 0.354167 0.665722 0.132812
0 0.257790 0.522135 0.464589 0.078125
4 0.257790 0.492188 0.470255 0.132812
2 0.048159 0.647135 0.045326 0.041667
5 0.165722 0.648438 0.286119 0.049479
2 0.385269 0.647135 0.045326 0.041667
5 0.485836 0.648438 0.252125 0.049479
3 0.048159 0.785156 0.045326 0.041667
6 0.152975 0.786458 0.260623 0.049479
3 0.359773 0.785156 0.045326 0.041667
6 0.466006 0.786458 0.263456 0.049479
1 0.569405 0.925781 0.385269 0.046875
