7 0.594363 0.199758 0.473039 0.077482
8 0.427696 0.199758 0.811275 0.082324
7 0.486520 0.335351 0.257353 0.077482
8 0.319853 0.335351 0.595588 0.082324
2 0.043505 0.450969 0.042892 0.042373
5 0.123162 0.451574 0.207108 0.048426
3 0.043505 0.586562 0.042892 0.042373
6 0.159926 0.592010 0.280637 0.058111
3 0.368260 0.586562 0.042892 0.042373
6 0.427083 0.587167 0.165441 0.048426
3 0.577819 0.586562 0.042892 0.042373
6 0.722426 0.592010 0.337010 0.058111
1 0.432598 0.725182 0.213235 0.048426
