5 0.353904 0.257317 0.370277 0.043902
8 0.282116 0.257317 0.518892 0.048780
5 0.362720 0.332927 0.282116 0.043902
8 0.264484 0.332927 0.483627 0.048780
5 0.526448 0.408537 0.664987 0.043902
8 0.442065 0.408537 0.838791 0.048780
5 0.318640 0.484146 0.340050 0.043902
8 0.256927 0.484146 0.468514 0.048780
6 0.035894 0.577439 0.026448 0.025610
7 0.063602 0.577439 0.086902 0.030488
6 0.168136 0.577439 0.026448 0.025610
7 0.231108 0.577439 0.157431 0.030488
1 0.035894 0.653049 0.026448 0.025610
3 0.071159 0.653049 0.102015 0.030488
1 0.183249 0.653049 0.026448 0.025610
3 0.237406 0.653049 0.139798 0.030488
2 0.331234 0.746341 0.289673 0.060976
