0 0.120640 0.147500 0.188953 0.045000
4 0.120640 0.131250 0.194767 0.072500
0 0.138081 0.227500 0.223837 0.045000
4 0.138081 0.211250 0.229651 0.072500
0 0.136628 0.307500 0.220930 0.045000
4 0.136628 0.291250 0.226744 0.072500
0 0.114826 0.387500 0.177326 0.045000
4 0.114826 0.371250 0.183140 0.072500
0 0.396802 0.472500 0.741279 0.045000
4 0.396802 0.453750 0.747093 0.077500
0 0.306686 0.547500 0.561047 0.045000
4 0.306686 0.531250 0.566860 0.072500
0 0.071221 0.627500 0.090116 0.045000
4 0.071221 0.611250 0.095930 0.072500
6 0.040698 0.697500 0.029070 0.025000
7 0.082849 0.697500 0.119186 0.030000
6 0.212209 0.697500 0.029070 0.025000
7 0.235465 0.697500 0.081395 0.030000
1 0.040698 0.777500 0.029070 0.025000
3 0.063953 0.777500 0.081395 0.030000
2 0.206395 0.887500 0.273256 0.085000
