0 0.159159 0.221154 0.264264 0.067308
4 0.159159 0.193510 0.270270 0.117788
0 0.169670 0.341346 0.285285 0.067308
4 0.169670 0.313702 0.291291 0.117788
0 0.103604 0.461538 0.153153 0.067308
4 0.103604 0.433894 0.159159 0.117788
2 0.049550 0.561298 0.045045 0.036058
5 0.099099 0.563702 0.150150 0.045673
2 0.253754 0.561298 0.045045 0.036058
5 0.303303 0.561298 0.150150 0.040865
2 0.457958 0.561298 0.045045 0.036058
5 0.551051 0.563702 0.237237 0.045673
3 0.049550 0.681490 0.045045 0.036058
6 0.142643 0.683894 0.237237 0.045673
3 0.340841 0.681490 0.045045 0.036058
6 0.433934 0.683894 0.237237 0.045673
1 0.692192 0.806490 0.267267 0.045673
