5 0.438462 0.086806 0.246154 0.076389
8 0.293590 0.086806 0.541026 0.083333
5 0.579487 0.267361 0.528205 0.076389
8 0.434615 0.267361 0.823077 0.083333
6 0.039103 0.427951 0.032051 0.043403
7 0.090385 0.427951 0.139744 0.050347
6 0.225000 0.427951 0.032051 0.043403
7 0.273718 0.427951 0.134615 0.050347
1 0.039103 0.608507 0.032051 0.043403
3 0.090385 0.608507 0.139744 0.050347
1 0.225000 0.608507 0.032051 0.043403
3 0.286538 0.609375 0.160256 0.052083
1 0.431410 0.608507 0.032051 0.043403
3 0.482692 0.608507 0.139744 0.050347
2 0.652564 0.798611 0.407692 0.062500
