0 0.373278 0.220339 0.696970 0.088136
4 0.373278 0.186441 0.702479 0.149153
0 0.220386 0.372881 0.391185 0.088136
4 0.220386 0.338983 0.396694 0.149153
6 0.044077 0.508475 0.038567 0.047458
7 0.115702 0.508475 0.187328 0.054237
6 0.280992 0.508475 0.038567 0.047458
7 0.356749 0.508475 0.195592 0.054237
6 0.526171 0.508475 0.038567 0.047458
7 0.619835 0.513559 0.231405 0.064407
1 0.044077 0.661017 0.038567 0.047458
3 0.119835 0.661017 0.195592 0.054237
1 0.289256 0.661017 0.038567 0.047458
3 0.391185 0.661017 0.247934 0.054237
2 0.388430 0.833898 0.606061 0.088136
