0 0.457704 0.326972 0.341390 0.053435
4 0.327795 0.326972 0.607251 0.058524
0 0.489426 0.405852 0.416918 0.053435
4 0.362538 0.405852 0.676737 0.058524
6 0.044562 0.472646 0.034743 0.029262
7 0.086858 0.472646 0.125378 0.034351
6 0.224320 0.472646 0.034743 0.029262
7 0.269637 0.472646 0.131420 0.034351
1 0.044562 0.551527 0.034743 0.029262
3 0.083837 0.553435 0.119335 0.038168
1 0.218278 0.551527 0.034743 0.029262
3 0.311934 0.553435 0.228097 0.038168
2 0.693353 0.651399 0.262840 0.071247
