5 0.684543 0.133166 0.593060 0.082915
8 0.506309 0.133166 0.955836 0.087940
5 0.550473 0.296482 0.324921 0.082915
8 0.372240 0.296482 0.687697 0.087940
6 0.056782 0.511307 0.056782 0.045226
7 0.119874 0.522613 0.189274 0.072864
6 0.302839 0.511307 0.056782 0.045226
7 0.417981 0.516332 0.293375 0.060302
6 0.652997 0.511307 0.056782 0.045226
7 0.716088 0.522613 0.189274 0.072864
1 0.056782 0.674623 0.056782 0.045226
3 0.231861 0.685930 0.413249 0.072864
1 0.526814 0.674623 0.056782 0.045226
3 0.623028 0.679648 0.255521 0.060302
2 0.810726 0.855528 0.233438 0.080402
