7 0.493169 0.152703 0.275956 0.062162
8 0.329235 0.152703 0.609290 0.067568
7 0.592896 0.304054 0.475410 0.062162
8 0.428962 0.304054 0.808743 0.067568
2 0.042350 0.439189 0.035519 0.035135
5 0.151639 0.444595 0.259563 0.051351
2 0.351093 0.439189 0.035519 0.035135
5 0.396175 0.444595 0.131148 0.051351
2 0.531421 0.439189 0.035519 0.035135
5 0.617486 0.440541 0.213115 0.043243
3 0.042350 0.590541 0.035519 0.035135
6 0.168033 0.595946 0.292350 0.051351
1 0.344262 0.762162 0.426230 0.075676
