5 0.510076 0.137532 0.521411 0.084833
8 0.397985 0.137532 0.750630 0.089974
5 0.502519 0.299486 0.491184 0.084833
8 0.386650 0.299486 0.727960 0.089974
6 0.045340 0.498715 0.045340 0.046272
7 0.094458 0.502571 0.148615 0.059126
1 0.045340 0.660668 0.045340 0.046272
3 0.115869 0.660668 0.191436 0.051414
1 0.282116 0.660668 0.045340 0.046272
3 0.353904 0.660668 0.193955 0.051414
1 0.521411 0.660668 0.045340 0.046272
3 0.584383 0.660668 0.176322 0.051414
2 0.434509 0.839332 0.254408 0.079692
