0 0.186782 0.216138 0.321839 0.086455
4 0.186782 0.177233 0.327586 0.158501
0 0.163793 0.374640 0.275862 0.086455
4 0.163793 0.335735 0.281609 0.158501
2 0.048851 0.507205 0.045977 0.046110
5 0.104885 0.514409 0.163793 0.066282
2 0.264368 0.507205 0.045977 0.046110
5 0.337644 0.514409 0.198276 0.066282
3 0.048851 0.665706 0.045977 0.046110
6 0.175287 0.672911 0.304598 0.066282
3 0.405172 0.665706 0.045977 0.046110
6 0.515805 0.672911 0.272989 0.066282
1 0.349138 0.853026 0.416667 0.103746
