5 0.464174 0.081159 0.473520 0.055072
8 0.366044 0.081159 0.676012 0.060870
5 0.356698 0.208696 0.214953 0.055072
8 0.247664 0.208696 0.439252 0.060870
5 0.404984 0.336232 0.423676 0.055072
8 0.323988 0.336232 0.591900 0.060870
5 0.317757 0.463768 0.292835 0.055072
8 0.247664 0.463768 0.439252 0.060870
6 0.045171 0.576812 0.034268 0.031884
7 0.088785 0.576812 0.127726 0.037681
6 0.228972 0.576812 0.034268 0.031884
7 0.288162 0.576812 0.158879 0.037681
1 0.045171 0.704348 0.034268 0.031884
3 0.116822 0.704348 0.183801 0.037681
2 0.327103 0.856522 0.205607 0.081159
