0 0.306931 0.150000 0.569307 0.062500
4 0.306931 0.122500 0.574257 0.112500
0 0.330446 0.265000 0.616337 0.062500
4 0.330446 0.241250 0.621287 0.105000
0 0.101485 0.395000 0.158416 0.062500
4 0.101485 0.367500 0.163366 0.112500
0 0.172030 0.510000 0.299505 0.062500
4 0.172030 0.486250 0.304455 0.105000
6 0.038985 0.620625 0.033416 0.033750
7 0.098391 0.623750 0.157178 0.045000
6 0.240718 0.620625 0.033416 0.033750
7 0.323639 0.620625 0.204208 0.038750
6 0.489480 0.620625 0.033416 0.033750
7 0.524134 0.620625 0.107673 0.038750
6 0.641708 0.620625 0.033416 0.033750
7 0.688738 0.620625 0.132426 0.038750
1 0.038985 0.743125 0.033416 0.033750
3 0.072401 0.746250 0.105198 0.045000
1 0.188738 0.743125 0.033416 0.033750
3 0.258045 0.746250 0.176980 0.045000
1 0.410272 0.743125 0.033416 0.033750
3 0.478342 0.743125 0.174505 0.038750
2 0.576733 0.883750 0.480198 0.070000
