0 0.512821 0.149144 0.490028 0.056235
4 0.391738 0.149144 0.737892 0.061125
0 0.351852 0.217604 0.236467 0.056235
4 0.247863 0.217604 0.450142 0.061125
0 0.564103 0.286064 0.695157 0.056235
4 0.468661 0.286064 0.891738 0.061125
0 0.260684 0.354523 0.150997 0.056235
4 0.180912 0.354523 0.316239 0.061125
0 0.329060 0.422983 0.219373 0.056235
4 0.232194 0.422983 0.418803 0.061125
0 0.528490 0.491443 0.584046 0.056235
4 0.423077 0.491443 0.800570 0.061125
0 0.445869 0.559902 0.447293 0.056235
4 0.347578 0.559902 0.649573 0.061125
0 0.622507 0.628362 0.675214 0.056235
4 0.492877 0.628362 0.940171 0.061125
6 0.043447 0.683985 0.035613 0.030562
7 0.094729 0.684597 0.143875 0.036675
1 0.043447 0.752445 0.035613 0.030562
3 0.127493 0.753056 0.209402 0.036675
1 0.304131 0.752445 0.035613 0.030562
3 0.388177 0.753056 0.209402 0.036675
2 0.236467 0.844743 0.404558 0.078240
