0 0.120795 0.169492 0.186544 0.060533
4 0.120795 0.142857 0.192661 0.108959
0 0.194190 0.305085 0.333333 0.060533
4 0.194190 0.278450 0.339450 0.108959
0 0.188073 0.433414 0.321101 0.060533
4 0.188073 0.410412 0.327217 0.101695
6 0.048165 0.557506 0.041284 0.032688
7 0.138379 0.560533 0.227829 0.043584
6 0.331040 0.557506 0.041284 0.032688
7 0.390673 0.560533 0.166667 0.043584
1 0.048165 0.693099 0.041284 0.032688
3 0.136850 0.693099 0.224771 0.037530
1 0.327982 0.693099 0.041284 0.032688
3 0.418196 0.696126 0.227829 0.043584
1 0.610856 0.693099 0.041284 0.032688
3 0.727064 0.696126 0.279817 0.043584
2 0.487768 0.853511 0.278287 0.082324
