0 0.405367 0.154286 0.759887 0.080000
4 0.405367 0.124286 0.765537 0.134286
0 0.100282 0.300000 0.149718 0.080000
4 0.100282 0.270000 0.155367 0.134286
0 0.375706 0.445714 0.700565 0.080000
4 0.375706 0.415714 0.706215 0.134286
6 0.046610 0.578571 0.042373 0.042857
7 0.176554 0.578571 0.307910 0.048571
6 0.405367 0.578571 0.042373 0.042857
7 0.512712 0.584286 0.262712 0.060000
1 0.046610 0.724286 0.042373 0.042857
3 0.112994 0.730000 0.180791 0.060000
1 0.278249 0.724286 0.042373 0.042857
3 0.326271 0.730000 0.144068 0.060000
2 0.481638 0.894286 0.364407 0.091429
