0 0.493075 0.109333 0.609418 0.090667
4 0.411357 0.109333 0.778393 0.096000
0 0.533241 0.282667 0.396122 0.090667
4 0.378116 0.282667 0.711911 0.096000
6 0.049861 0.434667 0.049861 0.048000
7 0.152355 0.440000 0.260388 0.064000
6 0.360111 0.434667 0.049861 0.048000
7 0.439058 0.440000 0.213296 0.064000
6 0.623269 0.434667 0.049861 0.048000
7 0.686981 0.440000 0.182825 0.064000
1 0.049861 0.608000 0.049861 0.048000
3 0.157895 0.620000 0.271468 0.077333
2 0.497230 0.805333 0.490305 0.096000
