0 0.385266 0.129825 0.268116 0.126316
4 0.270531 0.129825 0.502415 0.133333
0 0.561594 0.301754 0.611111 0.126316
4 0.444444 0.301754 0.850242 0.133333
6 0.044686 0.443860 0.045894 0.066667
7 0.129227 0.443860 0.219807 0.073684
1 0.044686 0.615789 0.045894 0.066667
3 0.129227 0.615789 0.219807 0.073684
1 0.307971 0.615789 0.045894 0.066667
3 0.359903 0.622807 0.154589 0.087719
1 0.506039 0.615789 0.045894 0.066667
3 0.608696 0.622807 0.256039 0.087719
2 0.376812 0.807018 0.212560 0.105263
