0 0.617898 0.090244 0.701705 0.043902
4 0.497159 0.090244 0.948864 0.048780
0 0.525568 0.168293 0.551136 0.043902
4 0.413352 0.168293 0.781250 0.048780
0 0.406250 0.246341 0.289773 0.043902
4 0.288352 0.246341 0.531250 0.048780
0 0.376420 0.324390 0.190341 0.043902
4 0.248580 0.324390 0.451705 0.048780
0 0.332386 0.402439 0.159091 0.043902
4 0.218750 0.402439 0.392045 0.048780
0 0.578125 0.480488 0.656250 0.043902
4 0.465909 0.480488 0.886364 0.048780
0 0.590909 0.558537 0.681818 0.043902
4 0.478693 0.558537 0.911932 0.048780
0 0.626420 0.636585 0.724432 0.043902
4 0.507102 0.636585 0.968750 0.048780
6 0.039773 0.704878 0.028409 0.024390
7 0.105114 0.704878 0.164773 0.029268
6 0.255682 0.704878 0.028409 0.024390
7 0.309659 0.704878 0.142045 0.029268
6 0.448864 0.704878 0.028409 0.024390
7 0.478693 0.704878 0.093750 0.029268
1 0.039773 0.782927 0.028409 0.024390
3 0.086648 0.782927 0.127841 0.029268
2 0.215909 0.875610 0.176136 0.053659
