5 0.436556 0.173410 0.178248 0.075145
8 0.277946 0.173410 0.501511 0.080925
5 0.666163 0.294798 0.637462 0.075145
8 0.507553 0.294798 0.960725 0.080925
5 0.469789 0.416185 0.244713 0.075145
8 0.311178 0.416185 0.567976 0.080925
6 0.049094 0.518064 0.043807 0.041908
7 0.130665 0.518786 0.212991 0.049133
6 0.316465 0.518064 0.043807 0.041908
7 0.408610 0.524566 0.234139 0.060694
1 0.049094 0.639451 0.043807 0.041908
3 0.100453 0.640173 0.152568 0.049133
1 0.256042 0.639451 0.043807 0.041908
3 0.311934 0.640173 0.161631 0.049133
2 0.794562 0.786127 0.253776 0.092486
