5 0.575444 0.160131 0.636095 0.091503
8 0.461538 0.160131 0.869822 0.098039
6 0.049556 0.404412 0.045858 0.050654
7 0.113166 0.413399 0.178994 0.075163
6 0.281805 0.404412 0.045858 0.050654
7 0.372041 0.413399 0.232249 0.075163
6 0.567308 0.404412 0.045858 0.050654
7 0.701923 0.413399 0.321006 0.075163
1 0.049556 0.597222 0.045858 0.050654
3 0.139793 0.606209 0.232249 0.075163
1 0.335059 0.597222 0.045858 0.050654
3 0.429734 0.606209 0.241124 0.075163
1 0.629438 0.597222 0.045858 0.050654
3 0.703402 0.599673 0.199704 0.062092
2 0.563609 0.807190 0.517751 0.084967
