0 0.425352 0.179487 0.219718 0.138462
4 0.280282 0.179487 0.515493 0.148718
0 0.485915 0.333333 0.385915 0.138462
4 0.352113 0.333333 0.659155 0.148718
2 0.045775 0.455128 0.040845 0.074359
5 0.099296 0.455128 0.153521 0.084615
3 0.045775 0.608974 0.040845 0.074359
6 0.138732 0.608974 0.232394 0.084615
3 0.328873 0.608974 0.040845 0.074359
6 0.414789 0.608974 0.218310 0.084615
3 0.597887 0.608974 0.040845 0.074359
6 0.690845 0.608974 0.232394 0.084615
1 0.569014 0.797436 0.230986 0.143590
