7 0.442455 0.214096 0.204604 0.066489
8 0.285166 0.214096 0.524297 0.071809
7 0.570332 0.320479 0.460358 0.066489
8 0.413043 0.320479 0.780051 0.071809
7 0.469309 0.426862 0.258312 0.066489
8 0.312020 0.426862 0.578005 0.071809
2 0.040921 0.515957 0.035806 0.037234
5 0.121483 0.515957 0.202046 0.042553
2 0.289003 0.515957 0.035806 0.037234
5 0.338875 0.518617 0.140665 0.047872
2 0.475703 0.515957 0.035806 0.037234
5 0.556266 0.518617 0.202046 0.047872
3 0.040921 0.622340 0.035806 0.037234
6 0.099744 0.622340 0.158568 0.042553
3 0.245524 0.622340 0.035806 0.037234
6 0.292839 0.622340 0.135550 0.042553
1 0.378517 0.752660 0.419437 0.085106
