0 0.553968 0.079462 0.428571 0.063570
4 0.398413 0.079462 0.746032 0.068460
0 0.526984 0.191932 0.406349 0.063570
4 0.379365 0.191932 0.707937 0.068460
0 0.673016 0.304401 0.641270 0.063570
4 0.511111 0.304401 0.971429 0.068460
0 0.534921 0.416870 0.365079 0.063570
4 0.373016 0.416870 0.695238 0.068460
0 0.644444 0.529340 0.565079 0.063570
4 0.477778 0.529340 0.904762 0.068460
2 0.050794 0.627139 0.044444 0.034230
5 0.138095 0.628362 0.225397 0.041565
2 0.333333 0.627139 0.044444 0.034230
5 0.442857 0.628362 0.269841 0.041565
2 0.660317 0.627139 0.044444 0.034230
5 0.763492 0.628362 0.257143 0.041565
3 0.050794 0.739609 0.044444 0.034230
6 0.123810 0.740831 0.196825 0.041565
1 0.357143 0.864303 0.206349 0.058680
