0 0.578297 0.179949 0.700549 0.066838
4 0.476648 0.179949 0.909341 0.071979
0 0.600275 0.280206 0.568681 0.066838
4 0.454670 0.280206 0.865385 0.071979
0 0.461538 0.380463 0.302198 0.066838
4 0.318681 0.380463 0.593407 0.071979
0 0.407967 0.480720 0.250000 0.066838
4 0.278846 0.480720 0.513736 0.071979
6 0.043956 0.565553 0.038462 0.035990
7 0.133242 0.566838 0.222527 0.043702
6 0.315934 0.565553 0.038462 0.035990
7 0.412088 0.571979 0.236264 0.053985
6 0.601648 0.565553 0.038462 0.035990
7 0.737637 0.571979 0.315934 0.053985
1 0.043956 0.665810 0.038462 0.035990
3 0.135989 0.667095 0.228022 0.043702
1 0.321429 0.665810 0.038462 0.035990
3 0.391484 0.667095 0.184066 0.043702
2 0.674451 0.782776 0.403846 0.069409
