0 0.429440 0.176471 0.459854 0.048128
4 0.340633 0.176471 0.642336 0.053476
0 0.482968 0.291444 0.605839 0.048128
4 0.403893 0.291444 0.768856 0.053476
0 0.180049 0.406417 0.136253 0.048128
4 0.135036 0.406417 0.231144 0.053476
6 0.034063 0.510695 0.024331 0.026738
7 0.105839 0.510695 0.172749 0.032086
1 0.034063 0.625668 0.024331 0.026738
3 0.090024 0.625668 0.141119 0.032086
1 0.218978 0.625668 0.024331 0.026738
3 0.274939 0.625668 0.141119 0.032086
1 0.403893 0.625668 0.024331 0.026738
3 0.461071 0.625668 0.143552 0.032086
1 0.591241 0.625668 0.024331 0.026738
3 0.625304 0.625668 0.097324 0.032086
2 0.734793 0.751337 0.150852 0.048128
