0 0.257377 0.142327 0.455738 0.056931
4 0.257377 0.115099 0.462295 0.106436
0 0.293443 0.258663 0.527869 0.056931
4 0.293443 0.235149 0.534426 0.099010
0 0.152459 0.382426 0.245902 0.056931
4 0.152459 0.358911 0.252459 0.099010
0 0.127869 0.506188 0.196721 0.056931
4 0.127869 0.482673 0.203279 0.099010
2 0.050000 0.619431 0.040984 0.030941
5 0.104098 0.623762 0.155738 0.044554
2 0.264754 0.619431 0.040984 0.030941
5 0.368033 0.620050 0.254098 0.037129
3 0.050000 0.743193 0.040984 0.030941
6 0.146721 0.743812 0.240984 0.037129
1 0.518033 0.887376 0.839344 0.071782
