5 0.590465 0.116071 0.750611 0.073980
8 0.495110 0.116071 0.946210 0.079082
5 0.537897 0.256378 0.581907 0.073980
8 0.426650 0.256378 0.809291 0.079082
5 0.496333 0.396684 0.674817 0.073980
8 0.429095 0.396684 0.814181 0.079082
6 0.041565 0.566327 0.039120 0.040816
7 0.121027 0.566327 0.202934 0.045918
6 0.288509 0.566327 0.039120 0.040816
7 0.369193 0.566327 0.205379 0.045918
6 0.537897 0.566327 0.039120 0.040816
7 0.617359 0.566327 0.202934 0.045918
1 0.041565 0.706633 0.039120 0.040816
3 0.116137 0.706633 0.193154 0.045918
1 0.278729 0.706633 0.039120 0.040816
3 0.336186 0.706633 0.158924 0.045918
1 0.481663 0.706633 0.039120 0.040816
3 0.557457 0.707908 0.195599 0.048469
1 0.721271 0.706633 0.039120 0.040816
3 0.798289 0.706633 0.198044 0.045918
2 0.608802 0.855867 0.220049 0.058673
