7 0.481183 0.132708 0.403226 0.053619
8 0.354839 0.132708 0.661290 0.058981
7 0.538978 0.264075 0.518817 0.053619
8 0.412634 0.264075 0.776882 0.058981
7 0.564516 0.395442 0.569892 0.053619
8 0.438172 0.395442 0.827957 0.058981
2 0.039651 0.552949 0.030914 0.030831
5 0.085349 0.554960 0.127688 0.040214
2 0.215726 0.552949 0.030914 0.030831
5 0.280242 0.554960 0.165323 0.040214
3 0.039651 0.684316 0.030914 0.030831
6 0.104167 0.684316 0.165323 0.036193
3 0.253360 0.684316 0.030914 0.030831
6 0.336694 0.684316 0.202957 0.036193
1 0.658602 0.844504 0.408602 0.088472
