5 0.397183 0.104816 0.163380 0.062323
8 0.253521 0.104816 0.456338 0.067989
5 0.632394 0.226629 0.633803 0.062323
8 0.488732 0.226629 0.926761 0.067989
5 0.615493 0.348442 0.600000 0.062323
8 0.471831 0.348442 0.892958 0.067989
5 0.577465 0.470255 0.523944 0.062323
8 0.433803 0.470255 0.816901 0.067989
6 0.042958 0.621105 0.035211 0.035411
7 0.097887 0.621105 0.150704 0.041076
6 0.244366 0.621105 0.035211 0.035411
7 0.276761 0.621105 0.105634 0.041076
6 0.400704 0.621105 0.035211 0.035411
7 0.459859 0.623229 0.159155 0.045326
1 0.042958 0.742918 0.035211 0.035411
3 0.088028 0.742918 0.130986 0.041076
2 0.454930 0.878187 0.194366 0.062323
