0 0.144595 0.296167 0.240541 0.080139
4 0.144595 0.266551 0.245946 0.132404
2 0.041216 0.417247 0.033784 0.043554
5 0.116892 0.417247 0.190541 0.050523
2 0.280405 0.417247 0.033784 0.043554
5 0.360135 0.417247 0.198649 0.050523
2 0.527703 0.417247 0.033784 0.043554
5 0.589865 0.417247 0.163514 0.050523
3 0.041216 0.563589 0.033784 0.043554
6 0.103378 0.563589 0.163514 0.050523
3 0.253378 0.563589 0.033784 0.043554
6 0.334459 0.563589 0.201351 0.050523
1 0.232432 0.736934 0.383784 0.097561
