7 0.598465 0.098143 0.608696 0.055703
8 0.464194 0.098143 0.882353 0.061008
7 0.442455 0.241379 0.296675 0.055703
8 0.308184 0.241379 0.570332 0.061008
7 0.381074 0.384615 0.173913 0.055703
8 0.246803 0.384615 0.447570 0.061008
2 0.038363 0.558355 0.030691 0.031830
5 0.134271 0.558355 0.227621 0.037135
3 0.038363 0.701592 0.030691 0.031830
6 0.134271 0.701592 0.227621 0.037135
3 0.312020 0.701592 0.030691 0.031830
6 0.359335 0.705570 0.130435 0.045093
1 0.372123 0.860743 0.156010 0.063660
