0 0.356305 0.127249 0.659824 0.048843
4 0.356305 0.107969 0.665689 0.082262
0 0.369501 0.227506 0.686217 0.048843
4 0.369501 0.205656 0.692082 0.087404
0 0.155425 0.322622 0.258065 0.048843
4 0.155425 0.300771 0.263930 0.087404
0 0.398827 0.412596 0.744868 0.048843
4 0.398827 0.393316 0.750733 0.082262
0 0.239003 0.507712 0.425220 0.048843
4 0.239003 0.488432 0.431085 0.082262
0 0.156891 0.602828 0.260997 0.048843
4 0.156891 0.583548 0.266862 0.082262
6 0.041789 0.687018 0.030792 0.026992
7 0.093109 0.687018 0.139296 0.032134
6 0.233871 0.687018 0.030792 0.026992
7 0.286657 0.687661 0.142229 0.033419
6 0.428886 0.687018 0.030792 0.026992
7 0.458211 0.687661 0.095308 0.033419
1 0.041789 0.782134 0.030792 0.026992
3 0.071114 0.782134 0.095308 0.032134
1 0.189883 0.782134 0.030792 0.026992
3 0.242669 0.782134 0.142229 0.032134
1 0.384897 0.782134 0.030792 0.026992
3 0.436217 0.782134 0.139296 0.032134
2 0.332845 0.903599 0.489736 0.079692
