0 0.169576 0.181686 0.294264 0.087209
4 0.169576 0.151163 0.299252 0.142442
0 0.218204 0.359012 0.391521 0.087209
4 0.218204 0.322674 0.396509 0.154070
6 0.042394 0.498547 0.039900 0.046512
7 0.137157 0.502907 0.234414 0.061047
6 0.321696 0.498547 0.039900 0.046512
7 0.421446 0.502907 0.244389 0.061047
6 0.610973 0.498547 0.039900 0.046512
7 0.667082 0.498547 0.157107 0.052326
6 0.812968 0.498547 0.039900 0.046512
7 0.864090 0.498547 0.147132 0.052326
1 0.042394 0.664244 0.039900 0.046512
3 0.084788 0.668605 0.129676 0.061047
2 0.291771 0.844477 0.089776 0.075581
