0 0.607542 0.123239 0.689944 0.098592
4 0.488827 0.123239 0.932961 0.105634
0 0.581006 0.292254 0.620112 0.098592
4 0.458101 0.292254 0.871508 0.105634
6 0.046089 0.438380 0.041899 0.052817
7 0.145251 0.447183 0.245810 0.077465
6 0.342179 0.438380 0.041899 0.052817
7 0.389665 0.440141 0.142458 0.063380
6 0.534916 0.438380 0.041899 0.052817
7 0.634078 0.447183 0.245810 0.077465
1 0.046089 0.607394 0.041899 0.052817
3 0.127095 0.616197 0.209497 0.077465
2 0.641061 0.795775 0.181564 0.091549
