0 0.509091 0.099673 0.503030 0.071895
4 0.393939 0.099673 0.739394 0.078431
0 0.557576 0.272876 0.551515 0.071895
4 0.430303 0.272876 0.812121 0.078431
2 0.045455 0.429739 0.036364 0.039216
5 0.125758 0.429739 0.203030 0.045752
2 0.303030 0.429739 0.036364 0.039216
5 0.393939 0.429739 0.224242 0.045752
2 0.581818 0.429739 0.036364 0.039216
5 0.672727 0.429739 0.224242 0.045752
3 0.045455 0.602941 0.036364 0.039216
6 0.127273 0.602941 0.206061 0.045752
3 0.306061 0.602941 0.036364 0.039216
6 0.353030 0.602941 0.136364 0.045752
1 0.421212 0.787582 0.581818 0.062092
