7 0.513021 0.223971 0.520833 0.065375
8 0.399740 0.223971 0.752604 0.070218
7 0.458333 0.347458 0.354167 0.065375
8 0.330729 0.347458 0.614583 0.070218
2 0.042969 0.495157 0.039062 0.036320
5 0.085938 0.495157 0.130208 0.041162
2 0.220052 0.495157 0.039062 0.036320
5 0.259115 0.495157 0.122396 0.041162
2 0.389323 0.495157 0.039062 0.036320
5 0.428385 0.495157 0.122396 0.041162
3 0.042969 0.618644 0.039062 0.036320
6 0.091146 0.618644 0.140625 0.041162
3 0.230469 0.618644 0.039062 0.036320
6 0.324219 0.618644 0.231771 0.041162
1 0.332031 0.765133 0.184896 0.082324
