0 0.489822 0.198701 0.246819 0.072727
4 0.318066 0.198701 0.595420 0.077922
0 0.498728 0.310390 0.315522 0.072727
4 0.339695 0.310390 0.638677 0.077922
0 0.563613 0.422078 0.424936 0.072727
4 0.399491 0.422078 0.758270 0.077922
6 0.041985 0.516883 0.038168 0.038961
7 0.136132 0.523377 0.231552 0.057143
6 0.319338 0.516883 0.038168 0.038961
7 0.376590 0.518182 0.157761 0.046753
6 0.522901 0.516883 0.038168 0.038961
7 0.563613 0.523377 0.124682 0.057143
1 0.041985 0.628571 0.038168 0.038961
3 0.137405 0.629870 0.234097 0.046753
1 0.321883 0.628571 0.038168 0.038961
3 0.379135 0.629870 0.157761 0.046753
1 0.525445 0.628571 0.038168 0.038961
3 0.597964 0.629870 0.188295 0.046753
2 0.717557 0.753247 0.412214 0.064935
