0 0.563422 0.258794 0.637168 0.067839
4 0.454277 0.258794 0.861357 0.072864
0 0.323009 0.336683 0.333333 0.067839
4 0.258112 0.336683 0.469027 0.072864
0 0.417404 0.414573 0.569322 0.067839
4 0.364307 0.414573 0.681416 0.072864
0 0.306785 0.492462 0.206490 0.067839
4 0.218289 0.492462 0.389381 0.072864
6 0.047935 0.554648 0.042773 0.036432
7 0.096608 0.554648 0.146018 0.041457
6 0.247050 0.554648 0.042773 0.036432
7 0.323746 0.554648 0.202065 0.041457
1 0.047935 0.632538 0.042773 0.036432
3 0.134956 0.634422 0.222714 0.045226
1 0.323746 0.632538 0.042773 0.036432
3 0.381268 0.632538 0.163717 0.041457
2 0.741888 0.721106 0.203540 0.057789
