0 0.471429 0.092033 0.236364 0.079670
4 0.306494 0.092033 0.571429 0.085165
0 0.635065 0.190934 0.574026 0.079670
4 0.472727 0.190934 0.903896 0.085165
0 0.555844 0.289835 0.374026 0.079670
4 0.383117 0.289835 0.724675 0.085165
0 0.587013 0.388736 0.405195 0.079670
4 0.406494 0.388736 0.771429 0.085165
0 0.480519 0.487637 0.212987 0.079670
4 0.305195 0.487637 0.568831 0.085165
0 0.612987 0.586538 0.509091 0.079670
4 0.445455 0.586538 0.849351 0.085165
2 0.043506 0.666896 0.040260 0.042582
5 0.162987 0.667582 0.284416 0.049451
3 0.043506 0.765797 0.040260 0.042582
6 0.090260 0.771978 0.138961 0.060440
3 0.229221 0.765797 0.040260 0.042582
6 0.287662 0.766484 0.162338 0.049451
3 0.438312 0.765797 0.040260 0.042582
6 0.499351 0.771978 0.167532 0.060440
1 0.654545 0.892857 0.119481 0.098901
