0 0.303874 0.113577 0.564165 0.060052
4 0.303874 0.084856 0.569007 0.112272
0 0.130751 0.246736 0.217918 0.060052
4 0.130751 0.218016 0.222760 0.112272
0 0.274818 0.372063 0.506053 0.060052
4 0.274818 0.347258 0.510896 0.104439
0 0.274818 0.505222 0.506053 0.060052
4 0.274818 0.480418 0.510896 0.104439
6 0.036925 0.627285 0.030266 0.032637
7 0.124092 0.631854 0.209443 0.046997
6 0.289952 0.627285 0.030266 0.032637
7 0.329903 0.627937 0.115012 0.039164
1 0.036925 0.760444 0.030266 0.032637
3 0.108354 0.761097 0.177966 0.039164
2 0.766344 0.908616 0.307506 0.062663
