7 0.640065 0.196165 0.641694 0.100295
8 0.496743 0.196165 0.934853 0.106195
2 0.059446 0.415192 0.060261 0.054572
5 0.178339 0.418879 0.304560 0.067847
2 0.422638 0.415192 0.060261 0.054572
5 0.565961 0.418879 0.353420 0.067847
3 0.059446 0.592183 0.060261 0.054572
6 0.122964 0.595870 0.193811 0.067847
3 0.311889 0.592183 0.060261 0.054572
6 0.393322 0.592183 0.229642 0.060472
3 0.600163 0.592183 0.060261 0.054572
6 0.673453 0.592183 0.213355 0.060472
1 0.568404 0.774336 0.622150 0.064897
