7 0.454969 0.117486 0.363354 0.081967
8 0.333851 0.117486 0.611801 0.087432
7 0.576087 0.286885 0.605590 0.081967
8 0.454969 0.286885 0.854037 0.087432
2 0.053571 0.492486 0.051242 0.045082
5 0.185559 0.495902 0.321429 0.057377
3 0.053571 0.661885 0.051242 0.045082
6 0.123447 0.661885 0.197205 0.050546
3 0.306677 0.661885 0.051242 0.045082
6 0.392081 0.661885 0.228261 0.050546
3 0.590839 0.661885 0.051242 0.045082
6 0.662267 0.661885 0.200311 0.050546
1 0.532609 0.857923 0.549689 0.098361
