0 0.621294 0.101639 0.773585 0.095082
4 0.516173 0.101639 0.989218 0.101639
0 0.261456 0.278689 0.242588 0.095082
4 0.203504 0.278689 0.363881 0.101639
6 0.045148 0.433607 0.041779 0.050820
7 0.084232 0.436066 0.125337 0.062295
6 0.219003 0.433607 0.041779 0.050820
7 0.301213 0.436066 0.211590 0.062295
6 0.479111 0.433607 0.041779 0.050820
7 0.528976 0.433607 0.146900 0.057377
1 0.045148 0.610656 0.041779 0.050820
3 0.100404 0.610656 0.157682 0.057377
1 0.251348 0.610656 0.041779 0.050820
3 0.290431 0.613115 0.125337 0.062295
2 0.567385 0.816393 0.218329 0.108197
