5 0.663514 0.137883 0.521622 0.097493
8 0.475676 0.137883 0.902703 0.103064
5 0.622973 0.302228 0.440541 0.097493
8 0.435135 0.302228 0.821622 0.103064
6 0.050000 0.441504 0.051351 0.052925
7 0.182432 0.452646 0.321622 0.080780
6 0.420270 0.441504 0.051351 0.052925
7 0.501351 0.452646 0.218919 0.080780
1 0.050000 0.605850 0.051351 0.052925
3 0.137838 0.610028 0.232432 0.066852
1 0.331081 0.605850 0.051351 0.052925
3 0.455405 0.610028 0.305405 0.066852
2 0.583784 0.779944 0.270270 0.072423
