0 0.664740 0.248786 0.624277 0.063107
4 0.501445 0.248786 0.956647 0.067961
0 0.540462 0.328883 0.335260 0.063107
4 0.367052 0.328883 0.687861 0.067961
0 0.645954 0.408981 0.569364 0.063107
4 0.478324 0.408981 0.910405 0.067961
0 0.580925 0.489078 0.393064 0.063107
4 0.401734 0.489078 0.757225 0.067961
6 0.046243 0.554612 0.040462 0.033981
7 0.132948 0.557039 0.219653 0.043689
6 0.317919 0.554612 0.040462 0.033981
7 0.391618 0.561893 0.193642 0.053398
1 0.046243 0.634709 0.040462 0.033981
3 0.200867 0.641990 0.355491 0.053398
1 0.453757 0.634709 0.040462 0.033981
3 0.554913 0.637136 0.248555 0.043689
2 0.635838 0.730583 0.497110 0.065534
