7 0.313187 0.181818 0.170330 0.090909
8 0.212912 0.181818 0.376374 0.096419
2 0.049451 0.400826 0.049451 0.049587
5 0.145604 0.400826 0.247253 0.055096
2 0.346154 0.400826 0.049451 0.049587
5 0.480769 0.400826 0.324176 0.055096
3 0.049451 0.582645 0.049451 0.049587
6 0.103022 0.585399 0.162088 0.060606
3 0.260989 0.582645 0.049451 0.049587
6 0.380495 0.585399 0.293956 0.060606
3 0.604396 0.582645 0.049451 0.049587
6 0.671703 0.582645 0.189560 0.055096
1 0.516484 0.771350 0.269231 0.063361
