0 0.520581 0.236760 0.716707 0.090343
4 0.450363 0.236760 0.861985 0.096573
2 0.040557 0.368380 0.037530 0.048287
5 0.084140 0.368380 0.129540 0.054517
2 0.213680 0.368380 0.037530 0.048287
5 0.263317 0.368380 0.141646 0.054517
3 0.040557 0.521028 0.037530 0.048287
6 0.151937 0.521028 0.265133 0.054517
3 0.349274 0.521028 0.037530 0.048287
6 0.450969 0.521028 0.245763 0.054517
3 0.638620 0.521028 0.037530 0.048287
6 0.723366 0.526480 0.211864 0.065421
1 0.438257 0.682243 0.474576 0.065421
