0 0.578457 0.147583 0.752660 0.083969
4 0.489362 0.147583 0.936170 0.089059
0 0.458777 0.259542 0.284574 0.083969
4 0.312500 0.259542 0.582447 0.089059
0 0.380319 0.371501 0.436170 0.083969
4 0.311170 0.371501 0.579787 0.089059
0 0.551862 0.483461 0.486702 0.083969
4 0.409574 0.483461 0.776596 0.089059
6 0.047207 0.575700 0.046543 0.044529
7 0.140293 0.580153 0.238032 0.058524
6 0.333112 0.575700 0.046543 0.044529
7 0.412899 0.580153 0.211436 0.058524
6 0.592420 0.575700 0.046543 0.044529
7 0.644282 0.586514 0.155585 0.071247
1 0.047207 0.687659 0.046543 0.044529
3 0.121676 0.692112 0.200798 0.058524
2 0.312500 0.812977 0.406915 0.071247
