5 0.660828 0.105333 0.570064 0.090667
8 0.488854 0.105333 0.920382 0.096000
5 0.638535 0.281333 0.525478 0.090667
8 0.466561 0.281333 0.875796 0.096000
6 0.058121 0.506000 0.058917 0.049333
7 0.147293 0.508000 0.243631 0.058667
6 0.359076 0.506000 0.058917 0.049333
7 0.470541 0.514667 0.288217 0.072000
1 0.058121 0.682000 0.058917 0.049333
3 0.195064 0.690667 0.339172 0.072000
1 0.454618 0.682000 0.058917 0.049333
3 0.559713 0.684000 0.275478 0.058667
2 0.457006 0.876000 0.493631 0.085333
