5 0.651250 0.067123 0.612500 0.093151
8 0.491250 0.067123 0.937500 0.098630
5 0.493750 0.204110 0.632500 0.093151
8 0.417500 0.204110 0.790000 0.098630
5 0.611250 0.341096 0.592500 0.093151
8 0.466250 0.341096 0.887500 0.098630
5 0.602500 0.478082 0.580000 0.093151
8 0.458750 0.478082 0.872500 0.098630
6 0.045625 0.591096 0.046250 0.050685
7 0.151875 0.593151 0.263750 0.060274
6 0.354375 0.591096 0.046250 0.050685
7 0.476875 0.593151 0.296250 0.060274
1 0.045625 0.728082 0.046250 0.050685
3 0.129375 0.730137 0.218750 0.060274
2 0.638750 0.869863 0.172500 0.060274
