0 0.369014 0.215596 0.687324 0.087156
4 0.369014 0.183486 0.692958 0.142202
0 0.256338 0.376147 0.461972 0.087156
4 0.256338 0.339450 0.467606 0.151376
2 0.040141 0.498853 0.029577 0.048165
5 0.071127 0.498853 0.097183 0.057339
2 0.188028 0.498853 0.029577 0.048165
5 0.242958 0.498853 0.145070 0.057339
3 0.040141 0.650229 0.029577 0.048165
6 0.075352 0.650229 0.105634 0.057339
3 0.196479 0.650229 0.029577 0.048165
6 0.266901 0.650229 0.176056 0.057339
3 0.423239 0.650229 0.029577 0.048165
6 0.506338 0.650229 0.201408 0.057339
1 0.801408 0.818807 0.278873 0.082569
