5 0.429440 0.179167 0.372263 0.091667
8 0.319951 0.179167 0.596107 0.097222
6 0.043796 0.405556 0.043796 0.050000
7 0.096107 0.411111 0.153285 0.066667
6 0.240876 0.405556 0.043796 0.050000
7 0.321168 0.405556 0.209246 0.055556
6 0.493917 0.405556 0.043796 0.050000
7 0.548662 0.405556 0.158151 0.055556
1 0.043796 0.588889 0.043796 0.050000
3 0.145985 0.594444 0.253041 0.066667
1 0.340633 0.588889 0.043796 0.050000
3 0.450122 0.588889 0.267640 0.055556
1 0.652068 0.588889 0.043796 0.050000
3 0.717762 0.588889 0.180049 0.055556
2 0.310219 0.788889 0.245742 0.083333
