5 0.559902 0.122507 0.728606 0.065527
8 0.474328 0.122507 0.904645 0.071225
5 0.370416 0.259259 0.466993 0.065527
8 0.314181 0.259259 0.584352 0.071225
5 0.575795 0.396011 0.721271 0.065527
8 0.480440 0.396011 0.916870 0.071225
6 0.037897 0.561254 0.031785 0.037037
7 0.091687 0.561254 0.144254 0.042735
6 0.226161 0.561254 0.031785 0.037037
7 0.322738 0.562678 0.229829 0.045584
6 0.500000 0.561254 0.031785 0.037037
7 0.564792 0.562678 0.166259 0.045584
1 0.037897 0.698006 0.031785 0.037037
3 0.073350 0.699430 0.107579 0.045584
2 0.299511 0.857550 0.364303 0.082621
