5 0.407552 0.278846 0.455729 0.052198
8 0.330729 0.278846 0.614583 0.057692
5 0.455729 0.361264 0.531250 0.052198
8 0.373698 0.361264 0.700521 0.057692
5 0.507812 0.443681 0.755208 0.052198
8 0.455729 0.443681 0.864583 0.057692
6 0.037760 0.512363 0.028646 0.030220
7 0.102865 0.516484 0.164062 0.043956
6 0.248698 0.512363 0.028646 0.030220
7 0.321615 0.512363 0.179688 0.035714
1 0.037760 0.594780 0.028646 0.030220
3 0.092448 0.598901 0.143229 0.043956
2 0.481771 0.711538 0.447917 0.098901
