0 0.336364 0.327035 0.168831 0.055233
4 0.222078 0.327035 0.402597 0.061047
6 0.037013 0.413517 0.027273 0.030523
7 0.083766 0.414244 0.125974 0.037791
6 0.209740 0.413517 0.027273 0.030523
7 0.256494 0.414244 0.125974 0.037791
6 0.382468 0.413517 0.027273 0.030523
7 0.418831 0.413517 0.105195 0.036337
1 0.037013 0.512355 0.027273 0.030523
3 0.090260 0.513081 0.138961 0.037791
1 0.222727 0.512355 0.027273 0.030523
3 0.248701 0.512355 0.084416 0.036337
1 0.353896 0.512355 0.027273 0.030523
3 0.386364 0.512355 0.097403 0.036337
2 0.564935 0.632267 0.220779 0.072674
