0 0.234727 0.266129 0.411576 0.091398
4 0.234727 0.235215 0.418006 0.147849
6 0.057878 0.416667 0.057878 0.048387
7 0.181672 0.420699 0.311897 0.061828
6 0.427653 0.416667 0.057878 0.048387
7 0.553055 0.416667 0.315113 0.053763
1 0.057878 0.583333 0.057878 0.048387
3 0.160772 0.587366 0.270096 0.061828
1 0.385852 0.583333 0.057878 0.048387
3 0.466238 0.583333 0.225080 0.053763
1 0.668810 0.583333 0.057878 0.048387
3 0.744373 0.583333 0.215434 0.053763
2 0.273312 0.767473 0.276527 0.083333
