5 0.347087 0.166667 0.325243 0.106061
8 0.266990 0.166667 0.490291 0.112121
5 0.480583 0.321212 0.461165 0.106061
8 0.367718 0.321212 0.691748 0.112121
6 0.044903 0.448485 0.046117 0.057576
7 0.157767 0.459091 0.276699 0.084848
6 0.365291 0.448485 0.046117 0.057576
7 0.423544 0.451515 0.167476 0.069697
6 0.576456 0.448485 0.046117 0.057576
7 0.638350 0.459091 0.174757 0.084848
1 0.044903 0.603030 0.046117 0.057576
3 0.104369 0.606061 0.169903 0.069697
1 0.258495 0.603030 0.046117 0.057576
3 0.350728 0.613636 0.235437 0.084848
2 0.189320 0.781818 0.320388 0.106061
