5 0.639423 0.104651 0.439103 0.089701
8 0.445513 0.104651 0.833333 0.096346
5 0.626603 0.280731 0.413462 0.089701
8 0.432692 0.280731 0.807692 0.096346
6 0.052885 0.509967 0.048077 0.049834
7 0.133013 0.513289 0.214744 0.063123
1 0.052885 0.686047 0.048077 0.049834
3 0.173077 0.689369 0.294872 0.063123
1 0.405449 0.686047 0.048077 0.049834
3 0.528846 0.696013 0.301282 0.076412
1 0.764423 0.686047 0.048077 0.049834
3 0.846154 0.696013 0.217949 0.076412
2 0.830128 0.895349 0.179487 0.116279
