5 0.515190 0.140351 0.473418 0.070175
8 0.388608 0.140351 0.731646 0.075188
5 0.482278 0.228070 0.407595 0.070175
8 0.355696 0.228070 0.665823 0.075188
5 0.445570 0.315789 0.334177 0.070175
8 0.318987 0.315789 0.592405 0.075188
5 0.429114 0.403509 0.301266 0.070175
8 0.302532 0.403509 0.559494 0.075188
5 0.596203 0.491228 0.635443 0.070175
8 0.469620 0.491228 0.893671 0.075188
5 0.360759 0.578947 0.164557 0.070175
8 0.234177 0.578947 0.422785 0.075188
6 0.042405 0.648496 0.039241 0.038847
7 0.099367 0.648496 0.158228 0.043860
6 0.246203 0.648496 0.039241 0.038847
7 0.315823 0.648496 0.183544 0.043860
6 0.475316 0.648496 0.039241 0.038847
7 0.591772 0.648496 0.277215 0.043860
1 0.042405 0.736216 0.039241 0.038847
3 0.127215 0.736216 0.213924 0.043860
1 0.301899 0.736216 0.039241 0.038847
3 0.347468 0.740602 0.135443 0.052632
2 0.553165 0.834586 0.184810 0.060150
