5 0.636253 0.104010 0.698297 0.085213
8 0.504866 0.104010 0.965937 0.090226
5 0.311436 0.229323 0.253041 0.085213
8 0.231144 0.229323 0.418491 0.090226
5 0.442822 0.354637 0.311436 0.085213
8 0.311436 0.354637 0.579075 0.090226
5 0.583942 0.479950 0.598540 0.085213
8 0.453771 0.479950 0.863747 0.090226
6 0.044404 0.583333 0.045012 0.046366
7 0.162409 0.586466 0.285888 0.057644
6 0.374088 0.583333 0.045012 0.046366
7 0.433698 0.592732 0.169100 0.070175
1 0.044404 0.708647 0.045012 0.046366
3 0.129562 0.711779 0.220195 0.057644
2 0.614355 0.837093 0.343066 0.052632
