5 0.471939 0.079515 0.438776 0.064690
8 0.358418 0.079515 0.670918 0.070081
5 0.549745 0.208895 0.681122 0.064690
8 0.457908 0.208895 0.869898 0.070081
5 0.406888 0.338275 0.395408 0.064690
8 0.315051 0.338275 0.584184 0.070081
5 0.228316 0.467655 0.125000 0.064690
8 0.158163 0.467655 0.270408 0.070081
6 0.040179 0.626011 0.034439 0.036388
7 0.143495 0.628032 0.246173 0.045822
1 0.040179 0.755391 0.034439 0.036388
3 0.084821 0.755391 0.128827 0.041779
1 0.214923 0.755391 0.034439 0.036388
3 0.282526 0.755391 0.174745 0.041779
1 0.435587 0.755391 0.034439 0.036388
3 0.521046 0.757412 0.210459 0.045822
2 0.573980 0.894879 0.576531 0.056604
