5 0.673567 0.098820 0.487261 0.085546
8 0.474522 0.098820 0.891720 0.091445
5 0.621019 0.225664 0.382166 0.085546
8 0.421975 0.225664 0.786624 0.091445
5 0.622611 0.352507 0.385350 0.085546
8 0.423567 0.352507 0.789809 0.091445
5 0.700637 0.479351 0.541401 0.085546
8 0.501592 0.479351 0.945860 0.091445
6 0.054140 0.584071 0.050955 0.047198
7 0.168790 0.584071 0.286624 0.053097
6 0.398089 0.584071 0.050955 0.047198
7 0.471338 0.584071 0.203822 0.053097
1 0.054140 0.710914 0.050955 0.047198
3 0.175159 0.710914 0.299363 0.053097
2 0.546178 0.862832 0.232484 0.097345
