0 0.111779 0.220000 0.180288 0.080000
4 0.111779 0.192727 0.185096 0.127273
2 0.036058 0.383636 0.028846 0.043636
5 0.070913 0.383636 0.103365 0.050909
2 0.182692 0.383636 0.028846 0.043636
5 0.215144 0.383636 0.098558 0.050909
2 0.324519 0.383636 0.028846 0.043636
5 0.379808 0.383636 0.144231 0.050909
3 0.036058 0.565455 0.028846 0.043636
6 0.067308 0.565455 0.096154 0.050909
3 0.175481 0.565455 0.028846 0.043636
6 0.206731 0.565455 0.096154 0.050909
1 0.495192 0.787273 0.173077 0.123636
