5 0.278689 0.123472 0.147541 0.053790
8 0.189891 0.123472 0.330601 0.058680
5 0.306011 0.204156 0.185792 0.053790
8 0.213115 0.204156 0.377049 0.058680
5 0.341530 0.284841 0.218579 0.053790
8 0.239071 0.284841 0.428962 0.058680
5 0.337432 0.365526 0.379781 0.053790
8 0.277322 0.365526 0.505464 0.058680
5 0.426230 0.446210 0.366120 0.053790
8 0.318306 0.446210 0.587432 0.058680
5 0.497268 0.526895 0.530055 0.053790
8 0.394809 0.526895 0.740437 0.058680
5 0.591530 0.607579 0.751366 0.053790
8 0.497268 0.607579 0.945355 0.058680
6 0.041667 0.674205 0.034153 0.030562
7 0.107240 0.674817 0.170765 0.036675
6 0.261612 0.674205 0.034153 0.030562
7 0.297131 0.678484 0.110656 0.044010
1 0.041667 0.754890 0.034153 0.030562
3 0.116803 0.755501 0.189891 0.036675
1 0.280738 0.754890 0.034153 0.030562
3 0.346311 0.755501 0.170765 0.036675
2 0.315574 0.855746 0.122951 0.070905
