0 0.382199 0.126062 0.392670 0.056657
4 0.301047 0.126062 0.560209 0.062323
0 0.345550 0.259207 0.329843 0.056657
4 0.267016 0.259207 0.492147 0.062323
0 0.264398 0.392351 0.198953 0.056657
4 0.193717 0.392351 0.345550 0.062323
2 0.037958 0.512748 0.028796 0.031161
5 0.075916 0.512748 0.109948 0.036827
2 0.195026 0.512748 0.028796 0.031161
5 0.225131 0.512748 0.094241 0.036827
2 0.336387 0.512748 0.028796 0.031161
5 0.365183 0.512748 0.091623 0.036827
3 0.037958 0.645892 0.028796 0.031161
6 0.108639 0.645892 0.175393 0.036827
1 0.668848 0.813031 0.164921 0.099150
