5 0.545337 0.176683 0.541451 0.074519
8 0.420984 0.176683 0.795337 0.079327
5 0.417098 0.320913 0.284974 0.074519
8 0.292746 0.320913 0.538860 0.079327
6 0.045337 0.506010 0.044041 0.040865
7 0.132124 0.508413 0.222798 0.050481
6 0.314767 0.506010 0.044041 0.040865
7 0.418394 0.513221 0.256477 0.060096
6 0.617876 0.506010 0.044041 0.040865
7 0.661917 0.513221 0.137306 0.060096
1 0.045337 0.650240 0.044041 0.040865
3 0.104922 0.652644 0.168394 0.050481
1 0.260363 0.650240 0.044041 0.040865
3 0.363990 0.657452 0.256477 0.060096
1 0.563472 0.650240 0.044041 0.040865
3 0.654145 0.652644 0.230570 0.050481
2 0.170984 0.808894 0.098446 0.069712
