0 0.526185 0.140587 0.788030 0.068460
4 0.471322 0.140587 0.902743 0.073350
0 0.536160 0.218826 0.773067 0.068460
4 0.472569 0.218826 0.905237 0.073350
0 0.543641 0.297066 0.778055 0.068460
4 0.477556 0.297066 0.915212 0.073350
0 0.427681 0.375306 0.411471 0.068460
4 0.327930 0.375306 0.615960 0.073350
0 0.526185 0.453545 0.618454 0.068460
4 0.428928 0.453545 0.817955 0.073350
0 0.571072 0.531785 0.653367 0.068460
4 0.460100 0.531785 0.880299 0.073350
0 0.239401 0.610024 0.214464 0.068460
4 0.184539 0.610024 0.329177 0.073350
6 0.041147 0.672372 0.037406 0.036675
7 0.124688 0.672372 0.209476 0.041565
6 0.295511 0.672372 0.037406 0.036675
7 0.346633 0.672372 0.144638 0.041565
6 0.485037 0.672372 0.037406 0.036675
7 0.536160 0.672372 0.144638 0.041565
6 0.674564 0.672372 0.037406 0.036675
7 0.760599 0.672372 0.214464 0.041565
1 0.041147 0.750611 0.037406 0.036675
3 0.087282 0.750611 0.134663 0.041565
1 0.220698 0.750611 0.037406 0.036675
3 0.271820 0.750611 0.144638 0.041565
1 0.410224 0.750611 0.037406 0.036675
3 0.446384 0.753056 0.114713 0.046455
1 0.569825 0.750611 0.037406 0.036675
3 0.610973 0.750611 0.124688 0.041565
2 0.706983 0.850856 0.401496 0.080685
