0 0.392950 0.118090 0.446475 0.067839
4 0.319843 0.118090 0.597911 0.072864
0 0.328982 0.236181 0.203655 0.067839
4 0.227154 0.236181 0.412533 0.072864
0 0.411227 0.354271 0.514360 0.067839
4 0.345953 0.354271 0.650131 0.072864
0 0.342037 0.472362 0.360313 0.067839
4 0.272846 0.472362 0.503916 0.072864
2 0.042428 0.574749 0.037859 0.036432
5 0.092037 0.575377 0.142298 0.042714
2 0.231723 0.574749 0.037859 0.036432
5 0.270888 0.575377 0.121410 0.042714
2 0.400131 0.574749 0.037859 0.036432
5 0.439295 0.575377 0.121410 0.042714
3 0.042428 0.692839 0.037859 0.036432
6 0.114230 0.692839 0.186684 0.041457
3 0.276110 0.692839 0.037859 0.036432
6 0.367493 0.692839 0.225849 0.041457
3 0.548956 0.692839 0.037859 0.036432
6 0.607702 0.692839 0.160574 0.041457
1 0.171018 0.835427 0.227154 0.085427
