0 0.383621 0.097826 0.290230 0.045894
4 0.277299 0.097826 0.508621 0.050725
0 0.405172 0.218599 0.373563 0.045894
4 0.308908 0.218599 0.571839 0.050725
0 0.300287 0.339372 0.112069 0.045894
4 0.191092 0.339372 0.336207 0.050725
0 0.500000 0.460145 0.545977 0.045894
4 0.399425 0.460145 0.752874 0.050725
2 0.040948 0.570652 0.030172 0.025362
5 0.099856 0.570652 0.153736 0.030193
2 0.246408 0.570652 0.030172 0.025362
5 0.313937 0.570652 0.170977 0.030193
2 0.469109 0.570652 0.030172 0.025362
5 0.509339 0.570652 0.116379 0.030193
3 0.040948 0.691425 0.030172 0.025362
6 0.073994 0.691425 0.102011 0.030193
1 0.696839 0.828502 0.307471 0.057971
