0 0.122150 0.183377 0.185668 0.073879
4 0.122150 0.154354 0.192182 0.126649
0 0.425081 0.310026 0.791531 0.073879
4 0.425081 0.284960 0.798046 0.118734
0 0.291531 0.444591 0.524430 0.073879
4 0.291531 0.419525 0.530945 0.118734
6 0.053746 0.564644 0.048860 0.039578
7 0.133550 0.565963 0.214984 0.047493
1 0.053746 0.699208 0.048860 0.039578
3 0.140065 0.700528 0.228013 0.047493
1 0.340391 0.699208 0.048860 0.039578
3 0.415309 0.699208 0.205212 0.044855
1 0.604235 0.699208 0.048860 0.039578
3 0.667752 0.699208 0.182410 0.044855
2 0.482085 0.857520 0.469055 0.087071
