7 0.560197 0.119942 0.447174 0.092486
8 0.404177 0.119942 0.764128 0.098266
7 0.390663 0.290462 0.407862 0.092486
8 0.309582 0.290462 0.574939 0.098266
2 0.043612 0.437139 0.042998 0.050578
5 0.098894 0.437861 0.158477 0.057803
2 0.246314 0.437139 0.042998 0.050578
5 0.364251 0.443642 0.283784 0.069364
3 0.043612 0.607659 0.042998 0.050578
6 0.140663 0.608382 0.242015 0.057803
3 0.329853 0.607659 0.042998 0.050578
6 0.404791 0.608382 0.197789 0.057803
3 0.571867 0.607659 0.042998 0.050578
6 0.695946 0.608382 0.296069 0.057803
1 0.257985 0.796243 0.383292 0.086705
