0 0.139651 0.210674 0.234414 0.084270
4 0.139651 0.175562 0.239401 0.148876
0 0.280549 0.356742 0.516209 0.084270
4 0.280549 0.327247 0.521197 0.137640
6 0.042394 0.500000 0.039900 0.044944
7 0.137157 0.504213 0.234414 0.058989
6 0.321696 0.500000 0.039900 0.044944
7 0.403990 0.504213 0.209476 0.058989
1 0.042394 0.657303 0.039900 0.044944
3 0.142145 0.661517 0.244389 0.058989
1 0.331671 0.657303 0.039900 0.044944
3 0.417706 0.657303 0.216958 0.050562
2 0.851621 0.824438 0.177057 0.064607
