5 0.595930 0.222222 0.587209 0.060060
8 0.459302 0.222222 0.866279 0.066066
5 0.572674 0.345345 0.540698 0.060060
8 0.436047 0.345345 0.819767 0.066066
6 0.042878 0.452703 0.033430 0.034535
7 0.095203 0.452703 0.143895 0.040541
6 0.239099 0.452703 0.033430 0.034535
7 0.353924 0.456456 0.268895 0.048048
6 0.560320 0.452703 0.033430 0.034535
7 0.605378 0.452703 0.129360 0.040541
1 0.042878 0.575826 0.033430 0.034535
3 0.082122 0.579580 0.117733 0.048048
1 0.212936 0.575826 0.033430 0.034535
3 0.305959 0.579580 0.225291 0.048048
1 0.490552 0.575826 0.033430 0.034535
3 0.567587 0.579580 0.193314 0.048048
2 0.758721 0.708709 0.360465 0.054054
