0 0.500000 0.259104 0.644699 0.050420
4 0.424069 0.259104 0.802292 0.056022
6 0.040115 0.379552 0.028653 0.028011
7 0.101719 0.380952 0.157593 0.036415
6 0.249284 0.379552 0.028653 0.028011
7 0.277937 0.380952 0.091691 0.036415
1 0.040115 0.511204 0.028653 0.028011
3 0.098854 0.512605 0.151862 0.036415
1 0.243553 0.511204 0.028653 0.028011
3 0.272206 0.512605 0.091691 0.036415
1 0.386819 0.511204 0.028653 0.028011
3 0.441261 0.511204 0.143266 0.033613
2 0.432665 0.655462 0.269341 0.053221
