0 0.351515 0.316474 0.254545 0.089595
4 0.253030 0.316474 0.457576 0.095376
6 0.052273 0.408237 0.050000 0.047688
7 0.144697 0.408237 0.240909 0.053468
6 0.347727 0.408237 0.050000 0.047688
7 0.397727 0.408960 0.156061 0.054913
6 0.558333 0.408237 0.050000 0.047688
7 0.611364 0.408237 0.162121 0.053468
1 0.052273 0.520954 0.050000 0.047688
3 0.147727 0.520954 0.246970 0.053468
1 0.353788 0.520954 0.050000 0.047688
3 0.465909 0.521676 0.280303 0.054913
2 0.598485 0.641618 0.378788 0.063584
