0 0.559347 0.101064 0.442136 0.078014
4 0.403561 0.101064 0.759644 0.085106
0 0.462908 0.274823 0.249258 0.078014
4 0.307122 0.274823 0.566766 0.085106
6 0.044510 0.430851 0.035608 0.042553
7 0.089021 0.430851 0.130564 0.049645
6 0.228487 0.430851 0.035608 0.042553
7 0.277448 0.430851 0.139466 0.049645
6 0.421365 0.430851 0.035608 0.042553
7 0.508902 0.430851 0.216617 0.049645
1 0.044510 0.604610 0.035608 0.042553
3 0.093472 0.604610 0.139466 0.049645
1 0.237389 0.604610 0.035608 0.042553
3 0.320475 0.604610 0.207715 0.049645
1 0.498516 0.604610 0.035608 0.042553
3 0.543027 0.609929 0.130564 0.060284
2 0.623145 0.804965 0.540059 0.095745
