0 0.628852 0.089776 0.579832 0.082294
4 0.471989 0.089776 0.899160 0.087282
0 0.509804 0.201995 0.302521 0.082294
4 0.343137 0.201995 0.641457 0.087282
0 0.501401 0.314214 0.285714 0.082294
4 0.334734 0.314214 0.624650 0.087282
0 0.519608 0.426434 0.316527 0.082294
4 0.351541 0.426434 0.658263 0.087282
0 0.483193 0.538653 0.310924 0.082294
4 0.331933 0.538653 0.619048 0.087282
6 0.049720 0.631546 0.049020 0.043641
7 0.115546 0.640898 0.186275 0.067332
6 0.286415 0.631546 0.049020 0.043641
7 0.399860 0.640898 0.281513 0.067332
1 0.049720 0.743766 0.049020 0.043641
3 0.101541 0.746883 0.158263 0.054863
2 0.366947 0.876559 0.408964 0.084788
