7 0.593830 0.204969 0.652956 0.062112
8 0.473008 0.204969 0.899743 0.068323
7 0.359897 0.313665 0.185090 0.062112
8 0.239075 0.313665 0.431877 0.068323
7 0.622108 0.422360 0.709512 0.062112
8 0.501285 0.422360 0.956298 0.068323
2 0.037918 0.514752 0.029563 0.035714
5 0.097044 0.514752 0.152956 0.041925
3 0.037918 0.623447 0.029563 0.035714
6 0.077763 0.623447 0.114396 0.041925
3 0.198586 0.623447 0.029563 0.035714
6 0.237147 0.623447 0.111825 0.041925
1 0.132391 0.770186 0.120823 0.111801
