0 0.333770 0.132890 0.269634 0.119601
4 0.246073 0.132890 0.450262 0.126246
0 0.540576 0.302326 0.740838 0.119601
4 0.467277 0.302326 0.892670 0.126246
6 0.048429 0.443522 0.049738 0.063123
7 0.140052 0.446844 0.238220 0.076412
6 0.333770 0.443522 0.049738 0.063123
7 0.439791 0.446844 0.267016 0.076412
6 0.647906 0.443522 0.049738 0.063123
7 0.698953 0.446844 0.157068 0.076412
1 0.048429 0.612957 0.049738 0.063123
3 0.141361 0.616279 0.240838 0.076412
1 0.336387 0.612957 0.049738 0.063123
3 0.397906 0.624585 0.178010 0.093023
1 0.561518 0.612957 0.049738 0.063123
3 0.658377 0.616279 0.248691 0.076412
2 0.687173 0.805648 0.295812 0.109635
