0 0.644737 0.266846 0.599415 0.051213
4 0.485380 0.266846 0.923977 0.056604
0 0.476608 0.369272 0.298246 0.051213
4 0.326023 0.369272 0.605263 0.056604
2 0.041667 0.460243 0.030702 0.028302
5 0.111842 0.460243 0.176901 0.033693
2 0.271199 0.460243 0.030702 0.028302
5 0.341374 0.460243 0.176901 0.033693
3 0.041667 0.562668 0.030702 0.028302
6 0.122076 0.562668 0.197368 0.033693
3 0.291667 0.562668 0.030702 0.028302
6 0.372076 0.562668 0.197368 0.033693
1 0.603801 0.675202 0.207602 0.048518
