5 0.470679 0.176357 0.435185 0.081395
8 0.359568 0.176357 0.663580 0.089147
6 0.046296 0.337209 0.037037 0.046512
7 0.131173 0.343023 0.212963 0.065891
6 0.314815 0.337209 0.037037 0.046512
7 0.405864 0.337209 0.225309 0.054264
6 0.595679 0.337209 0.037037 0.046512
7 0.648148 0.337209 0.148148 0.054264
1 0.046296 0.519380 0.037037 0.046512
3 0.086420 0.519380 0.123457 0.054264
1 0.225309 0.519380 0.037037 0.046512
3 0.308642 0.519380 0.209877 0.054264
1 0.490741 0.519380 0.037037 0.046512
3 0.586420 0.525194 0.234568 0.065891
2 0.641975 0.726744 0.302469 0.096899
