5 0.320732 0.158915 0.397561 0.059432
8 0.271951 0.158915 0.500000 0.064599
5 0.202439 0.264858 0.107317 0.059432
8 0.140244 0.264858 0.236585 0.064599
5 0.220732 0.370801 0.202439 0.059432
8 0.173171 0.370801 0.302439 0.064599
5 0.365854 0.476744 0.346341 0.059432
8 0.281707 0.476744 0.519512 0.064599
6 0.037805 0.567183 0.031707 0.033592
7 0.087805 0.567183 0.136585 0.038760
6 0.218293 0.567183 0.031707 0.033592
7 0.270732 0.567183 0.141463 0.038760
6 0.403659 0.567183 0.031707 0.033592
7 0.468293 0.567183 0.165854 0.038760
6 0.613415 0.567183 0.031707 0.033592
7 0.663415 0.567183 0.136585 0.038760
1 0.037805 0.673127 0.031707 0.033592
3 0.093902 0.673127 0.148780 0.038760
2 0.693902 0.801034 0.192683 0.077519
