5 0.459596 0.241935 0.545455 0.075269
8 0.378788 0.241935 0.712121 0.080645
6 0.042298 0.421371 0.039141 0.041667
7 0.131944 0.423387 0.223485 0.051075
6 0.311237 0.421371 0.039141 0.041667
7 0.388258 0.421371 0.198232 0.047043
6 0.554924 0.421371 0.039141 0.041667
7 0.602904 0.421371 0.140152 0.047043
1 0.042298 0.569220 0.039141 0.041667
3 0.119318 0.569220 0.198232 0.047043
1 0.285985 0.569220 0.039141 0.041667
3 0.379419 0.571237 0.231061 0.051075
2 0.569444 0.739247 0.310606 0.086022
