0 0.591530 0.109903 0.538251 0.065217
4 0.442623 0.109903 0.841530 0.070048
0 0.568306 0.250000 0.524590 0.065217
4 0.427596 0.250000 0.811475 0.070048
0 0.547814 0.390097 0.439891 0.065217
4 0.396175 0.390097 0.748634 0.070048
6 0.044399 0.515097 0.039617 0.035024
7 0.094945 0.515700 0.146175 0.041063
6 0.239754 0.515097 0.039617 0.035024
7 0.329918 0.520531 0.225410 0.050725
1 0.044399 0.655193 0.039617 0.035024
3 0.118169 0.655797 0.192623 0.041063
2 0.396175 0.815217 0.147541 0.074879
