0 0.194534 0.166667 0.331190 0.088889
4 0.194534 0.136111 0.337621 0.144444
0 0.236334 0.350000 0.414791 0.088889
4 0.236334 0.313889 0.421222 0.155556
6 0.056270 0.495833 0.054662 0.047222
7 0.184887 0.495833 0.318328 0.052778
6 0.432476 0.495833 0.054662 0.047222
7 0.590032 0.495833 0.376206 0.052778
1 0.056270 0.668056 0.054662 0.047222
3 0.144695 0.668056 0.237942 0.052778
1 0.352090 0.668056 0.054662 0.047222
3 0.440514 0.668056 0.237942 0.052778
1 0.647910 0.668056 0.054662 0.047222
3 0.726688 0.668056 0.218650 0.052778
2 0.511254 0.858333 0.598071 0.083333
