5 0.658940 0.133588 0.490066 0.081425
8 0.468543 0.133588 0.877483 0.086514
5 0.491722 0.235369 0.155629 0.081425
8 0.301325 0.235369 0.543046 0.086514
5 0.647351 0.337150 0.466887 0.081425
8 0.456954 0.337150 0.854305 0.086514
5 0.640728 0.438931 0.453642 0.081425
8 0.450331 0.438931 0.841060 0.086514
5 0.700331 0.540712 0.572848 0.081425
8 0.509934 0.540712 0.960265 0.086514
6 0.058775 0.621501 0.057947 0.044529
7 0.197848 0.625954 0.342715 0.058524
6 0.461093 0.621501 0.057947 0.044529
7 0.525662 0.625954 0.193709 0.058524
6 0.714404 0.621501 0.057947 0.044529
7 0.838576 0.621501 0.312914 0.049618
1 0.058775 0.723282 0.057947 0.044529
3 0.133278 0.723282 0.213576 0.049618
1 0.331954 0.723282 0.057947 0.044529
3 0.414735 0.723282 0.230132 0.049618
2 0.319536 0.839695 0.526490 0.073791
