0 0.310769 0.410804 0.356923 0.047739
4 0.258462 0.410804 0.467692 0.052764
2 0.043846 0.455402 0.032308 0.026382
5 0.091538 0.455402 0.133846 0.031407
2 0.233077 0.455402 0.032308 0.026382
5 0.277692 0.455402 0.127692 0.031407
3 0.043846 0.510678 0.032308 0.026382
6 0.086923 0.510678 0.124615 0.031407
3 0.223846 0.510678 0.032308 0.026382
6 0.263846 0.510678 0.118462 0.031407
3 0.397692 0.510678 0.032308 0.026382
6 0.457692 0.510678 0.158462 0.031407
1 0.395385 0.586683 0.347692 0.067839
