7 0.298526 0.102601 0.125307 0.060694
8 0.192875 0.102601 0.341523 0.066474
7 0.529484 0.209538 0.587224 0.060694
8 0.423833 0.209538 0.803440 0.066474
7 0.348894 0.316474 0.226044 0.060694
8 0.243243 0.316474 0.442260 0.066474
7 0.590909 0.423410 0.710074 0.060694
8 0.485258 0.423410 0.926290 0.066474
7 0.391892 0.530347 0.312039 0.060694
8 0.286241 0.530347 0.528256 0.066474
2 0.036855 0.664740 0.029484 0.034682
5 0.070025 0.666185 0.100737 0.043353
2 0.181818 0.664740 0.029484 0.034682
5 0.242015 0.664740 0.154791 0.040462
3 0.036855 0.771676 0.029484 0.034682
6 0.073710 0.771676 0.108108 0.040462
3 0.189189 0.771676 0.029484 0.034682
6 0.223587 0.771676 0.103194 0.040462
3 0.336609 0.771676 0.029484 0.034682
6 0.405405 0.773121 0.171990 0.043353
1 0.261671 0.908960 0.307125 0.095376
