0 0.078261 0.265281 0.104348 0.044010
4 0.078261 0.246944 0.110145 0.075795
0 0.272464 0.365526 0.492754 0.044010
4 0.272464 0.344743 0.498551 0.080685
0 0.392754 0.455990 0.733333 0.044010
4 0.392754 0.437653 0.739130 0.075795
6 0.040580 0.541565 0.028986 0.024450
7 0.069565 0.542787 0.092754 0.031785
1 0.040580 0.636919 0.028986 0.024450
3 0.091304 0.636919 0.136232 0.029340
1 0.228986 0.636919 0.028986 0.024450
3 0.288406 0.638142 0.153623 0.031785
2 0.634783 0.751834 0.597101 0.063570
