7 0.634383 0.115385 0.566586 0.100592
8 0.470944 0.115385 0.898305 0.106509
7 0.622276 0.260355 0.542373 0.100592
8 0.458838 0.260355 0.874092 0.106509
7 0.458838 0.405325 0.215496 0.100592
8 0.295400 0.405325 0.547215 0.106509
2 0.044189 0.524408 0.044794 0.054734
5 0.159201 0.525148 0.279661 0.062130
2 0.367433 0.524408 0.044794 0.054734
5 0.437651 0.525148 0.190073 0.062130
2 0.601090 0.524408 0.044794 0.054734
5 0.708838 0.525148 0.265133 0.062130
3 0.044189 0.669379 0.044794 0.054734
6 0.099879 0.670118 0.161017 0.062130
3 0.248789 0.669379 0.044794 0.054734
6 0.367433 0.677515 0.286925 0.076923
1 0.403148 0.834320 0.612591 0.094675
