0 0.534783 0.100244 0.530435 0.070905
4 0.413043 0.100244 0.779710 0.075795
0 0.498551 0.244499 0.440580 0.070905
4 0.372464 0.244499 0.698551 0.075795
0 0.331884 0.388753 0.281159 0.070905
4 0.249275 0.388753 0.452174 0.075795
2 0.048551 0.516504 0.044928 0.037897
5 0.190580 0.517115 0.334783 0.044010
2 0.435507 0.516504 0.044928 0.037897
5 0.538406 0.522005 0.256522 0.053790
2 0.744203 0.516504 0.044928 0.037897
5 0.805072 0.517115 0.172464 0.044010
3 0.048551 0.660758 0.044928 0.037897
6 0.105072 0.661369 0.163768 0.044010
3 0.264493 0.660758 0.044928 0.037897
6 0.390580 0.666259 0.302899 0.053790
3 0.619565 0.660758 0.044928 0.037897
6 0.676087 0.661369 0.163768 0.044010
1 0.623188 0.821516 0.521739 0.070905
