7 0.546954 0.187500 0.677665 0.051471
8 0.455584 0.187500 0.865482 0.056373
7 0.488579 0.300245 0.637056 0.051471
8 0.416244 0.300245 0.786802 0.056373
7 0.496193 0.412990 0.713198 0.051471
8 0.439086 0.412990 0.832487 0.056373
2 0.038071 0.549020 0.030457 0.029412
5 0.088832 0.549020 0.137056 0.034314
2 0.220812 0.549020 0.030457 0.029412
5 0.253807 0.550245 0.101523 0.036765
2 0.368020 0.549020 0.030457 0.029412
5 0.428934 0.550245 0.157360 0.036765
3 0.038071 0.661765 0.030457 0.029412
6 0.107868 0.661765 0.175127 0.034314
1 0.395939 0.790441 0.335025 0.061275
