0 0.287338 0.067610 0.133117 0.066038
4 0.191558 0.067610 0.331169 0.072327
0 0.496753 0.221698 0.642857 0.066038
4 0.423701 0.221698 0.795455 0.072327
0 0.574675 0.375786 0.675325 0.066038
4 0.470779 0.375786 0.889610 0.072327
6 0.047890 0.514937 0.037338 0.036164
7 0.093344 0.514937 0.134740 0.042453
6 0.241071 0.514937 0.037338 0.036164
7 0.286526 0.514937 0.134740 0.042453
1 0.047890 0.669025 0.037338 0.036164
3 0.114448 0.669025 0.176948 0.042453
1 0.283279 0.669025 0.037338 0.036164
3 0.361201 0.669025 0.199675 0.042453
2 0.469156 0.836478 0.308442 0.062893
