7 0.493797 0.087258 0.580645 0.055402
8 0.404467 0.087258 0.764268 0.060942
7 0.362283 0.234072 0.441687 0.055402
8 0.303970 0.234072 0.563275 0.060942
7 0.382134 0.380886 0.322581 0.055402
8 0.284119 0.380886 0.523573 0.060942
2 0.036600 0.554709 0.028536 0.031856
5 0.071340 0.554709 0.102978 0.037396
2 0.184243 0.554709 0.028536 0.031856
5 0.218983 0.554709 0.102978 0.037396
3 0.036600 0.701524 0.028536 0.031856
6 0.096154 0.703601 0.152605 0.041551
3 0.233871 0.701524 0.028536 0.031856
6 0.266129 0.703601 0.098015 0.041551
1 0.545906 0.875346 0.119107 0.085873
