5 0.347701 0.094101 0.120690 0.064607
8 0.218391 0.094101 0.385057 0.070225
5 0.433908 0.203652 0.293103 0.064607
8 0.304598 0.203652 0.557471 0.070225
5 0.439655 0.313202 0.304598 0.064607
8 0.310345 0.313202 0.568966 0.070225
5 0.560345 0.422753 0.545977 0.064607
8 0.431034 0.422753 0.810345 0.070225
5 0.530172 0.532303 0.485632 0.064607
8 0.400862 0.532303 0.750000 0.070225
6 0.044540 0.625000 0.037356 0.036517
7 0.122126 0.625000 0.198276 0.042135
6 0.294540 0.625000 0.037356 0.036517
7 0.380747 0.625000 0.215517 0.042135
1 0.044540 0.734551 0.037356 0.036517
3 0.150862 0.734551 0.255747 0.042135
1 0.352011 0.734551 0.037356 0.036517
3 0.432471 0.734551 0.204023 0.042135
2 0.215517 0.876404 0.166667 0.101124
