0 0.506203 0.162539 0.446650 0.105263
4 0.375931 0.162539 0.712159 0.111455
0 0.377171 0.317337 0.183623 0.105263
4 0.245658 0.317337 0.451613 0.111455
6 0.044665 0.447368 0.044665 0.055728
7 0.080645 0.450464 0.121588 0.068111
6 0.210918 0.447368 0.044665 0.055728
7 0.305211 0.447368 0.238213 0.061920
1 0.044665 0.602167 0.044665 0.055728
3 0.090571 0.602167 0.141439 0.061920
1 0.230769 0.602167 0.044665 0.055728
3 0.307692 0.605263 0.203474 0.068111
2 0.353598 0.780186 0.205955 0.102167
