0 0.571429 0.157895 0.577259 0.057644
4 0.443149 0.157895 0.839650 0.062657
0 0.383382 0.280702 0.451895 0.057644
4 0.317784 0.280702 0.588921 0.062657
0 0.593294 0.403509 0.819242 0.057644
4 0.514577 0.403509 0.982507 0.062657
2 0.044461 0.513158 0.036443 0.031328
5 0.153790 0.513158 0.260933 0.036341
2 0.357872 0.513158 0.036443 0.031328
5 0.459913 0.513158 0.246356 0.036341
2 0.656706 0.513158 0.036443 0.031328
5 0.736880 0.516291 0.202624 0.042607
3 0.044461 0.635965 0.036443 0.031328
6 0.137755 0.639098 0.228863 0.042607
3 0.325802 0.635965 0.036443 0.031328
6 0.411808 0.635965 0.214286 0.036341
3 0.592566 0.635965 0.036443 0.031328
6 0.655248 0.635965 0.167638 0.036341
1 0.648688 0.784461 0.137026 0.082707
