0 0.682119 0.156695 0.430464 0.088319
4 0.463576 0.156695 0.874172 0.094017
0 0.678808 0.310541 0.463576 0.088319
4 0.470199 0.310541 0.887417 0.094017
2 0.057119 0.443732 0.054636 0.047009
5 0.184603 0.445869 0.316225 0.056980
2 0.432947 0.443732 0.054636 0.047009
5 0.570364 0.445869 0.336093 0.056980
3 0.057119 0.597578 0.054636 0.047009
6 0.131623 0.599715 0.210265 0.056980
3 0.326987 0.597578 0.054636 0.047009
6 0.426325 0.599715 0.259934 0.056980
3 0.646523 0.597578 0.054636 0.047009
6 0.712748 0.605413 0.193709 0.068376
1 0.407285 0.754986 0.496689 0.054131
