0 0.461538 0.078086 0.547009 0.045340
4 0.380342 0.078086 0.715100 0.050378
0 0.465812 0.176322 0.618234 0.045340
4 0.400285 0.176322 0.754986 0.050378
0 0.528490 0.274559 0.754986 0.045340
4 0.465812 0.274559 0.886040 0.050378
0 0.472934 0.372796 0.564103 0.045340
4 0.390313 0.372796 0.735043 0.050378
0 0.431624 0.471033 0.578348 0.045340
4 0.373219 0.471033 0.700855 0.050378
0 0.407407 0.569270 0.495726 0.045340
4 0.340456 0.569270 0.635328 0.050378
6 0.039886 0.657431 0.028490 0.025189
7 0.091168 0.657431 0.136752 0.030227
6 0.227920 0.657431 0.028490 0.025189
7 0.269231 0.657431 0.116809 0.030227
6 0.396011 0.657431 0.028490 0.025189
7 0.440171 0.657431 0.122507 0.030227
1 0.039886 0.755668 0.028490 0.025189
3 0.092593 0.755668 0.139601 0.030227
1 0.230769 0.755668 0.028490 0.025189
3 0.290598 0.758186 0.153846 0.035264
2 0.205128 0.877834 0.279202 0.073048
