0 0.241270 0.153034 0.425397 0.055409
4 0.241270 0.130607 0.431746 0.094987
0 0.149206 0.255937 0.241270 0.055409
4 0.149206 0.233509 0.247619 0.094987
0 0.249206 0.358839 0.441270 0.055409
4 0.249206 0.336412 0.447619 0.094987
0 0.176190 0.456464 0.295238 0.055409
4 0.176190 0.436675 0.301587 0.089710
0 0.166667 0.559367 0.276190 0.055409
4 0.166667 0.539578 0.282540 0.089710
6 0.046825 0.649736 0.036508 0.030343
7 0.099206 0.649736 0.147619 0.035620
1 0.046825 0.752639 0.036508 0.030343
3 0.088095 0.752639 0.125397 0.035620
1 0.229365 0.752639 0.036508 0.030343
3 0.283333 0.752639 0.150794 0.035620
2 0.339683 0.878628 0.457143 0.076517
