0 0.363081 0.187853 0.682152 0.087571
4 0.363081 0.149718 0.687042 0.158192
0 0.191932 0.357345 0.339853 0.087571
4 0.191932 0.319209 0.344743 0.158192
2 0.042176 0.500706 0.040342 0.046610
5 0.149756 0.507062 0.260391 0.064972
2 0.346577 0.500706 0.040342 0.046610
5 0.440709 0.501412 0.233496 0.053672
2 0.624083 0.500706 0.040342 0.046610
5 0.671760 0.501412 0.140587 0.053672
3 0.042176 0.670198 0.040342 0.046610
6 0.110636 0.670904 0.182152 0.053672
1 0.514670 0.841808 0.085575 0.050847
