5 0.589918 0.222222 0.727520 0.058824
8 0.490463 0.222222 0.931880 0.065359
6 0.038828 0.360294 0.028610 0.034314
7 0.078338 0.360294 0.113079 0.040850
6 0.200954 0.360294 0.028610 0.034314
7 0.235014 0.362745 0.102180 0.045752
6 0.352180 0.360294 0.028610 0.034314
7 0.383515 0.360294 0.096730 0.040850
1 0.038828 0.513889 0.028610 0.034314
3 0.087875 0.513889 0.132153 0.040850
1 0.220027 0.513889 0.028610 0.034314
3 0.251362 0.513889 0.096730 0.040850
2 0.381471 0.697712 0.261580 0.094771
