0 0.707120 0.101220 0.475728 0.085366
4 0.487055 0.101220 0.922330 0.090244
0 0.618123 0.210976 0.284790 0.085366
4 0.394822 0.210976 0.737864 0.090244
0 0.713592 0.320732 0.436893 0.085366
4 0.480583 0.320732 0.909385 0.090244
0 0.711974 0.430488 0.414239 0.085366
4 0.474110 0.430488 0.896440 0.090244
0 0.642395 0.540244 0.333333 0.085366
4 0.419094 0.540244 0.786408 0.090244
6 0.059061 0.629878 0.059871 0.045122
7 0.172330 0.630488 0.292880 0.051220
6 0.410194 0.629878 0.059871 0.045122
7 0.542880 0.630488 0.331715 0.051220
1 0.059061 0.739634 0.059871 0.045122
3 0.248382 0.740244 0.444984 0.051220
1 0.562298 0.739634 0.059871 0.045122
3 0.707929 0.746341 0.357605 0.063415
2 0.349515 0.865854 0.427184 0.078049
