0 0.273810 0.205584 0.494048 0.088832
4 0.273810 0.171320 0.500000 0.152284
0 0.302083 0.365482 0.550595 0.088832
4 0.302083 0.331218 0.556548 0.152284
6 0.054315 0.499365 0.055060 0.046954
7 0.156994 0.502538 0.266369 0.058376
6 0.374256 0.499365 0.055060 0.046954
7 0.438244 0.502538 0.188988 0.058376
1 0.054315 0.659264 0.055060 0.046954
3 0.148065 0.659264 0.248512 0.052030
1 0.356399 0.659264 0.055060 0.046954
3 0.445685 0.659264 0.239583 0.052030
1 0.649554 0.659264 0.055060 0.046954
3 0.762649 0.659264 0.287202 0.052030
2 0.659226 0.832487 0.235119 0.073604
