0 0.339674 0.134731 0.630435 0.092814
4 0.339674 0.100299 0.635870 0.155689
0 0.218750 0.335329 0.388587 0.092814
4 0.218750 0.294910 0.394022 0.167665
2 0.046875 0.496257 0.044837 0.049401
5 0.110734 0.502994 0.177989 0.068862
2 0.273777 0.496257 0.044837 0.049401
5 0.378397 0.497006 0.259511 0.056886
2 0.582201 0.496257 0.044837 0.049401
5 0.711277 0.497006 0.308424 0.056886
3 0.046875 0.684880 0.044837 0.049401
6 0.116168 0.691617 0.188859 0.068862
3 0.284647 0.684880 0.044837 0.049401
6 0.337636 0.685629 0.156250 0.056886
1 0.418478 0.878743 0.222826 0.059880
