5 0.506601 0.111794 0.326733 0.049140
8 0.351485 0.111794 0.643564 0.054054
5 0.537954 0.214988 0.389439 0.049140
8 0.382838 0.214988 0.706271 0.054054
5 0.633663 0.318182 0.580858 0.049140
8 0.478548 0.318182 0.897690 0.054054
5 0.531353 0.421376 0.376238 0.049140
8 0.376238 0.421376 0.693069 0.054054
5 0.549505 0.524570 0.412541 0.049140
8 0.394389 0.524570 0.729373 0.054054
6 0.048680 0.614865 0.037954 0.028256
7 0.096535 0.615479 0.140264 0.034398
1 0.048680 0.718059 0.037954 0.028256
3 0.116337 0.718673 0.179868 0.034398
2 0.788779 0.846437 0.231023 0.078624
