5 0.608108 0.086902 0.577396 0.080605
8 0.460688 0.086902 0.877150 0.085642
5 0.458231 0.238035 0.277641 0.080605
8 0.310811 0.238035 0.577396 0.085642
5 0.654791 0.389169 0.670762 0.080605
8 0.507371 0.389169 0.970516 0.085642
6 0.043612 0.579975 0.042998 0.044081
7 0.095209 0.585642 0.151106 0.060453
6 0.238943 0.579975 0.042998 0.044081
7 0.334767 0.580605 0.239558 0.050378
6 0.522727 0.579975 0.042998 0.044081
7 0.617322 0.580605 0.237101 0.050378
1 0.043612 0.731108 0.042998 0.044081
3 0.138206 0.731738 0.237101 0.050378
1 0.324939 0.731108 0.042998 0.044081
3 0.374079 0.736776 0.146192 0.060453
1 0.515356 0.731108 0.042998 0.044081
3 0.595209 0.731738 0.207617 0.050378
2 0.208845 0.882872 0.230958 0.045340
