0 0.545171 0.179177 0.299065 0.060533
4 0.361371 0.179177 0.672897 0.065375
0 0.515576 0.266344 0.221184 0.060533
4 0.327103 0.266344 0.604361 0.065375
0 0.461059 0.353511 0.130841 0.060533
4 0.277259 0.353511 0.504673 0.065375
0 0.588785 0.440678 0.367601 0.060533
4 0.400312 0.440678 0.750779 0.065375
0 0.543614 0.527845 0.271028 0.060533
4 0.353583 0.527845 0.657321 0.065375
6 0.049065 0.601090 0.042056 0.032688
7 0.172118 0.601695 0.294393 0.038741
1 0.049065 0.688257 0.042056 0.032688
3 0.183022 0.688862 0.316199 0.038741
2 0.671340 0.791768 0.501558 0.065375
