0 0.405199 0.167674 0.755352 0.054381
4 0.405199 0.143505 0.761468 0.096677
0 0.151376 0.273414 0.247706 0.054381
4 0.151376 0.246224 0.253823 0.102719
0 0.160550 0.367069 0.266055 0.054381
4 0.160550 0.342900 0.272171 0.096677
0 0.266055 0.466767 0.477064 0.054381
4 0.266055 0.442598 0.483180 0.096677
0 0.068807 0.566465 0.082569 0.054381
4 0.068807 0.542296 0.088685 0.096677
6 0.042813 0.654079 0.030581 0.030211
7 0.097859 0.654079 0.146789 0.036254
6 0.244648 0.654079 0.030581 0.030211
7 0.316514 0.654079 0.180428 0.036254
6 0.480122 0.654079 0.030581 0.030211
7 0.515291 0.654079 0.107034 0.036254
1 0.042813 0.753776 0.030581 0.030211
3 0.114679 0.753776 0.180428 0.036254
1 0.278287 0.753776 0.030581 0.030211
3 0.322630 0.753776 0.125382 0.036254
2 0.500000 0.873112 0.217125 0.069486
