7 0.581325 0.148289 0.819277 0.076046
8 0.510542 0.148289 0.966867 0.083650
7 0.414157 0.304183 0.496988 0.076046
8 0.346386 0.304183 0.638554 0.083650
2 0.044428 0.440114 0.034639 0.043726
5 0.113705 0.440114 0.179217 0.051331
2 0.277861 0.440114 0.034639 0.043726
5 0.347139 0.440114 0.179217 0.051331
3 0.044428 0.596008 0.034639 0.043726
6 0.088102 0.596008 0.128012 0.051331
3 0.226657 0.596008 0.034639 0.043726
6 0.306476 0.596008 0.200301 0.051331
3 0.481175 0.596008 0.034639 0.043726
6 0.527861 0.596008 0.134036 0.051331
1 0.283133 0.787072 0.174699 0.114068
