0 0.616071 0.142254 0.727041 0.084507
4 0.501276 0.142254 0.961735 0.090141
0 0.316327 0.274648 0.193878 0.084507
4 0.218112 0.274648 0.395408 0.090141
0 0.457908 0.407042 0.599490 0.084507
4 0.390306 0.407042 0.739796 0.090141
6 0.043367 0.519718 0.040816 0.045070
7 0.165816 0.528169 0.290816 0.067606
1 0.043367 0.652113 0.040816 0.045070
3 0.144133 0.654930 0.247449 0.056338
1 0.336735 0.652113 0.040816 0.045070
3 0.442602 0.654930 0.257653 0.056338
1 0.640306 0.652113 0.040816 0.045070
3 0.739796 0.654930 0.244898 0.056338
2 0.505102 0.808451 0.484694 0.092958
