0 0.391473 0.081509 0.416021 0.043796
4 0.311370 0.081509 0.581395 0.048662
0 0.350129 0.154501 0.369509 0.043796
4 0.279070 0.154501 0.516796 0.048662
0 0.240310 0.227494 0.175711 0.043796
4 0.175711 0.227494 0.310078 0.048662
0 0.218346 0.300487 0.167959 0.043796
4 0.162791 0.300487 0.284238 0.048662
0 0.333333 0.373479 0.242894 0.043796
4 0.239018 0.373479 0.436693 0.048662
0 0.232558 0.446472 0.211886 0.043796
4 0.180879 0.446472 0.320413 0.048662
0 0.496124 0.519465 0.749354 0.043796
4 0.447028 0.519465 0.852713 0.048662
0 0.574935 0.592457 0.860465 0.043796
4 0.514212 0.592457 0.987080 0.048662
0 0.404393 0.665450 0.431525 0.043796
4 0.321705 0.665450 0.602067 0.048662
6 0.036176 0.728710 0.025840 0.024331
7 0.065891 0.728710 0.090439 0.029197
1 0.036176 0.801703 0.025840 0.024331
3 0.114987 0.801703 0.188630 0.029197
2 0.574935 0.906326 0.167959 0.087591
