5 0.491694 0.075472 0.292359 0.075472
8 0.335548 0.075472 0.611296 0.081761
5 0.621262 0.229560 0.551495 0.075472
8 0.465116 0.229560 0.870432 0.081761
5 0.558140 0.383648 0.425249 0.075472
8 0.401993 0.383648 0.744186 0.081761
6 0.052326 0.518082 0.044850 0.042453
7 0.148671 0.522013 0.244186 0.056604
6 0.356312 0.518082 0.044850 0.042453
7 0.406146 0.518082 0.151163 0.048742
1 0.052326 0.672170 0.044850 0.042453
3 0.102159 0.672170 0.151163 0.048742
2 0.445183 0.834906 0.465116 0.059748
