0 0.171916 0.156716 0.296588 0.084577
4 0.171916 0.121891 0.301837 0.149254
0 0.269029 0.296020 0.490814 0.084577
4 0.269029 0.266169 0.496063 0.139303
0 0.286089 0.445274 0.524934 0.084577
4 0.286089 0.415423 0.530184 0.139303
6 0.047244 0.579602 0.047244 0.044776
7 0.098425 0.579602 0.154856 0.049751
6 0.249344 0.579602 0.047244 0.044776
7 0.359580 0.579602 0.272966 0.049751
1 0.047244 0.728856 0.047244 0.044776
3 0.166667 0.728856 0.291339 0.049751
1 0.385827 0.728856 0.047244 0.044776
3 0.434383 0.728856 0.149606 0.049751
2 0.604987 0.881841 0.091864 0.052239
