0 0.350829 0.220000 0.651934 0.072000
4 0.350829 0.190667 0.657459 0.125333
0 0.265193 0.358667 0.480663 0.072000
4 0.265193 0.333333 0.486188 0.117333
6 0.044890 0.491333 0.040055 0.038667
7 0.120856 0.491333 0.197514 0.044000
6 0.292127 0.491333 0.040055 0.038667
7 0.369475 0.493333 0.200276 0.048000
6 0.542127 0.491333 0.040055 0.038667
7 0.641575 0.493333 0.244475 0.048000
1 0.044890 0.638000 0.040055 0.038667
3 0.116713 0.640000 0.189227 0.048000
1 0.283840 0.638000 0.040055 0.038667
3 0.319751 0.638000 0.117403 0.044000
1 0.450967 0.638000 0.040055 0.038667
3 0.521409 0.638000 0.186464 0.044000
2 0.314917 0.813333 0.447514 0.096000
