0 0.585586 0.101485 0.402402 0.074257
4 0.406907 0.101485 0.765766 0.079208
0 0.594595 0.188119 0.342342 0.074257
4 0.396396 0.188119 0.744745 0.079208
0 0.504505 0.274752 0.198198 0.074257
4 0.315315 0.274752 0.582583 0.079208
0 0.693694 0.361386 0.582583 0.074257
4 0.506006 0.361386 0.963964 0.079208
0 0.675676 0.448020 0.528529 0.074257
4 0.483483 0.448020 0.918919 0.079208
0 0.626126 0.534653 0.453453 0.074257
4 0.439940 0.534653 0.831832 0.079208
0 0.569069 0.621287 0.351351 0.074257
4 0.385886 0.621287 0.723724 0.079208
6 0.051051 0.690594 0.048048 0.039604
7 0.204204 0.693069 0.360360 0.049505
6 0.465465 0.690594 0.048048 0.039604
7 0.630631 0.693069 0.384384 0.049505
1 0.051051 0.777228 0.048048 0.039604
3 0.133634 0.779703 0.219219 0.049505
1 0.324324 0.777228 0.048048 0.039604
3 0.396396 0.779703 0.198198 0.049505
2 0.267267 0.878713 0.456456 0.069307
