0 0.648562 0.118257 0.619808 0.116183
4 0.493610 0.118257 0.936102 0.124481
0 0.517572 0.263485 0.415335 0.116183
4 0.376997 0.263485 0.702875 0.124481
0 0.498403 0.408714 0.351438 0.116183
4 0.351438 0.408714 0.651757 0.124481
6 0.052716 0.526971 0.047923 0.062241
7 0.119808 0.537344 0.188498 0.091286
1 0.052716 0.672199 0.047923 0.062241
3 0.145367 0.674274 0.239617 0.074689
1 0.349840 0.672199 0.047923 0.062241
3 0.488818 0.682573 0.332268 0.091286
1 0.739617 0.672199 0.047923 0.062241
3 0.790735 0.682573 0.156550 0.091286
2 0.343450 0.834025 0.591054 0.095436
