0 0.319121 0.147945 0.591731 0.079452
4 0.319121 0.117808 0.596899 0.134247
0 0.139535 0.287671 0.232558 0.079452
4 0.139535 0.261644 0.237726 0.126027
0 0.226098 0.435616 0.405685 0.079452
4 0.226098 0.409589 0.410853 0.126027
6 0.043282 0.567808 0.040052 0.042466
7 0.124677 0.567808 0.208010 0.047945
1 0.043282 0.715753 0.040052 0.042466
3 0.092377 0.715753 0.143411 0.047945
1 0.233204 0.715753 0.040052 0.042466
3 0.297804 0.715753 0.174419 0.047945
1 0.454134 0.715753 0.040052 0.042466
3 0.553618 0.715753 0.244186 0.047945
2 0.302326 0.880822 0.527132 0.076712
