0 0.282443 0.219008 0.519084 0.055096
4 0.282443 0.195592 0.524173 0.096419
0 0.259542 0.318182 0.473282 0.055096
4 0.259542 0.294766 0.478372 0.096419
0 0.170483 0.411846 0.295165 0.055096
4 0.170483 0.391185 0.300254 0.090909
0 0.108142 0.516529 0.170483 0.055096
4 0.108142 0.493113 0.175573 0.096419
6 0.036896 0.597796 0.027990 0.030303
7 0.064885 0.597796 0.089059 0.035813
1 0.036896 0.696970 0.027990 0.030303
3 0.068702 0.696970 0.096692 0.035813
2 0.435115 0.818182 0.167939 0.074380
