7 0.361702 0.082512 0.335106 0.051724
8 0.277926 0.082512 0.507979 0.056650
7 0.529255 0.171182 0.723404 0.051724
8 0.458777 0.171182 0.869681 0.056650
7 0.187500 0.259852 0.093085 0.051724
8 0.130319 0.259852 0.212766 0.056650
7 0.367021 0.348522 0.409574 0.051724
8 0.299202 0.348522 0.550532 0.056650
7 0.565160 0.437192 0.704787 0.051724
8 0.472074 0.437192 0.896277 0.056650
7 0.291223 0.525862 0.194149 0.051724
8 0.207447 0.525862 0.367021 0.056650
7 0.386968 0.614532 0.385638 0.051724
8 0.303191 0.614532 0.558511 0.056650
2 0.039894 0.721675 0.031915 0.029557
5 0.118351 0.721675 0.194149 0.034483
3 0.039894 0.810345 0.031915 0.029557
6 0.105053 0.810345 0.167553 0.034483
3 0.255319 0.810345 0.031915 0.029557
6 0.320479 0.810345 0.167553 0.034483
3 0.470745 0.810345 0.031915 0.029557
6 0.522606 0.810345 0.140957 0.034483
1 0.433511 0.924877 0.542553 0.081281
