0 0.469613 0.211290 0.447514 0.083871
4 0.359116 0.211290 0.674033 0.090323
0 0.447514 0.304839 0.574586 0.083871
4 0.379834 0.304839 0.715470 0.090323
0 0.621547 0.398387 0.696133 0.083871
4 0.497238 0.398387 0.950276 0.090323
0 0.386740 0.491935 0.453039 0.083871
4 0.319061 0.491935 0.593923 0.090323
2 0.044199 0.566129 0.038674 0.045161
5 0.131215 0.569355 0.218232 0.058065
3 0.044199 0.659677 0.038674 0.045161
6 0.127072 0.659677 0.209945 0.051613
3 0.303867 0.659677 0.038674 0.045161
6 0.386740 0.659677 0.209945 0.051613
3 0.563536 0.659677 0.038674 0.045161
6 0.668508 0.659677 0.254144 0.051613
1 0.759669 0.767742 0.342541 0.074194
