7 0.449838 0.109211 0.226537 0.055263
8 0.297735 0.109211 0.537217 0.060526
7 0.621359 0.248684 0.569579 0.055263
8 0.469256 0.248684 0.880259 0.060526
7 0.616505 0.388158 0.559871 0.055263
8 0.464401 0.388158 0.870550 0.060526
2 0.048544 0.555263 0.038835 0.031579
5 0.095469 0.555263 0.139159 0.036842
2 0.245955 0.555263 0.038835 0.031579
5 0.334951 0.555263 0.223301 0.036842
3 0.048544 0.694737 0.038835 0.031579
6 0.110032 0.697368 0.168285 0.042105
1 0.519417 0.844737 0.307443 0.052632
