5 0.407855 0.113703 0.175227 0.067055
8 0.262840 0.113703 0.471299 0.072886
5 0.572508 0.218659 0.504532 0.067055
8 0.427492 0.218659 0.800604 0.072886
5 0.509063 0.323615 0.377644 0.067055
8 0.364048 0.323615 0.673716 0.072886
5 0.377644 0.428571 0.114804 0.067055
8 0.232628 0.428571 0.410876 0.072886
5 0.578550 0.533528 0.516616 0.067055
8 0.433535 0.533528 0.812689 0.072886
6 0.046828 0.620991 0.039275 0.037901
7 0.087613 0.620991 0.126888 0.043732
6 0.228097 0.620991 0.039275 0.037901
7 0.306647 0.620991 0.202417 0.043732
6 0.484894 0.620991 0.039275 0.037901
7 0.558912 0.625364 0.193353 0.052478
1 0.046828 0.725948 0.039275 0.037901
3 0.125378 0.725948 0.202417 0.043732
1 0.303625 0.725948 0.039275 0.037901
3 0.353474 0.725948 0.145015 0.043732
2 0.282477 0.846939 0.154079 0.069971
