0 0.167470 0.188953 0.291566 0.069767
4 0.167470 0.161337 0.296386 0.119186
0 0.238554 0.319767 0.433735 0.069767
4 0.238554 0.292151 0.438554 0.119186
0 0.343373 0.441860 0.643373 0.069767
4 0.343373 0.418605 0.648193 0.110465
6 0.037349 0.559593 0.031325 0.037791
7 0.068675 0.559593 0.098795 0.043605
1 0.037349 0.690407 0.031325 0.037791
3 0.096386 0.690407 0.154217 0.043605
1 0.234940 0.690407 0.031325 0.037791
3 0.275904 0.690407 0.118072 0.043605
2 0.533735 0.851744 0.306024 0.098837
