5 0.433417 0.133690 0.213568 0.082888
8 0.282663 0.133690 0.520101 0.088235
5 0.500000 0.296791 0.346734 0.082888
8 0.349246 0.296791 0.653266 0.088235
6 0.043970 0.510695 0.042714 0.045455
7 0.110553 0.514706 0.180905 0.058824
6 0.270101 0.510695 0.042714 0.045455
7 0.371859 0.521390 0.251256 0.072193
6 0.566583 0.510695 0.042714 0.045455
7 0.662060 0.514706 0.238693 0.058824
1 0.043970 0.673797 0.042714 0.045455
3 0.129397 0.677807 0.218593 0.058824
1 0.307789 0.673797 0.042714 0.045455
3 0.395729 0.684492 0.223618 0.072193
2 0.347990 0.862299 0.510050 0.096257
