0 0.588949 0.109489 0.606469 0.116788
4 0.458221 0.109489 0.873315 0.124088
6 0.047170 0.304745 0.045822 0.062044
7 0.152291 0.313869 0.261456 0.087591
6 0.357143 0.304745 0.045822 0.062044
7 0.477089 0.306569 0.291105 0.072993
1 0.047170 0.527372 0.045822 0.062044
3 0.111860 0.529197 0.180593 0.072993
1 0.276280 0.527372 0.045822 0.062044
3 0.332884 0.536496 0.164420 0.087591
1 0.489218 0.527372 0.045822 0.062044
3 0.549865 0.529197 0.172507 0.072993
2 0.398922 0.773723 0.247978 0.109489
