7 0.663408 0.224185 0.628492 0.078804
8 0.502793 0.224185 0.955307 0.084239
2 0.047486 0.413043 0.044693 0.043478
5 0.093575 0.414402 0.142458 0.051630
2 0.240223 0.413043 0.044693 0.043478
5 0.322626 0.413043 0.215084 0.048913
2 0.505587 0.413043 0.044693 0.043478
5 0.590782 0.413043 0.220670 0.048913
3 0.047486 0.570652 0.044693 0.043478
6 0.096369 0.570652 0.148045 0.048913
3 0.245810 0.570652 0.044693 0.043478
6 0.291899 0.572011 0.142458 0.051630
1 0.372905 0.744565 0.656425 0.076087
