0 0.311550 0.204748 0.349544 0.056380
4 0.256839 0.204748 0.465046 0.062315
0 0.238602 0.311573 0.161094 0.056380
4 0.173252 0.311573 0.297872 0.062315
0 0.420973 0.418398 0.446809 0.056380
4 0.335866 0.418398 0.623100 0.062315
6 0.043313 0.512611 0.031915 0.031157
7 0.081307 0.512611 0.113982 0.037092
6 0.212006 0.512611 0.031915 0.031157
7 0.250000 0.512611 0.113982 0.037092
6 0.380699 0.512611 0.031915 0.031157
7 0.411094 0.513353 0.098784 0.038576
1 0.043313 0.619436 0.031915 0.031157
3 0.079787 0.620178 0.110942 0.038576
2 0.308511 0.758160 0.300912 0.094955
