0 0.344156 0.193182 0.641558 0.083333
4 0.344156 0.161616 0.646753 0.141414
0 0.242857 0.354798 0.438961 0.083333
4 0.242857 0.323232 0.444156 0.141414
6 0.046104 0.504419 0.045455 0.044192
7 0.114935 0.506313 0.188312 0.053030
6 0.281169 0.504419 0.045455 0.044192
7 0.433117 0.506313 0.354545 0.053030
6 0.682468 0.504419 0.045455 0.044192
7 0.753896 0.512626 0.193506 0.065657
1 0.046104 0.666035 0.045455 0.044192
3 0.187662 0.674242 0.333766 0.065657
2 0.367532 0.849747 0.522078 0.088384
