0 0.417874 0.135065 0.260870 0.085714
4 0.285024 0.135065 0.531401 0.090909
0 0.396135 0.236364 0.241546 0.085714
4 0.269324 0.236364 0.500000 0.090909
0 0.602657 0.337662 0.625604 0.085714
4 0.468599 0.337662 0.898551 0.090909
0 0.496377 0.438961 0.398551 0.085714
4 0.358696 0.438961 0.678744 0.090909
0 0.572464 0.540260 0.618357 0.085714
4 0.451691 0.540260 0.864734 0.090909
6 0.042874 0.621429 0.042271 0.045455
7 0.088768 0.624675 0.138889 0.057143
6 0.225242 0.621429 0.042271 0.045455
7 0.318237 0.631169 0.233092 0.070130
1 0.042874 0.722727 0.042271 0.045455
3 0.094807 0.725974 0.150966 0.057143
2 0.504831 0.838961 0.101449 0.075325
