5 0.399478 0.103723 0.250653 0.045213
8 0.275457 0.103723 0.503916 0.050532
5 0.548303 0.196809 0.548303 0.045213
8 0.424282 0.196809 0.801567 0.050532
5 0.624021 0.289894 0.699739 0.045213
8 0.500000 0.289894 0.953003 0.050532
5 0.587467 0.382979 0.626632 0.045213
8 0.463446 0.382979 0.879896 0.050532
5 0.625326 0.476064 0.702350 0.045213
8 0.501305 0.476064 0.955614 0.050532
5 0.443864 0.569149 0.339426 0.045213
8 0.319843 0.569149 0.592689 0.050532
6 0.036554 0.650266 0.026110 0.026596
7 0.091384 0.650266 0.140992 0.031915
6 0.224543 0.650266 0.026110 0.026596
7 0.279373 0.650266 0.140992 0.031915
1 0.036554 0.743351 0.026110 0.026596
3 0.065274 0.743351 0.088773 0.031915
1 0.172324 0.743351 0.026110 0.026596
3 0.228460 0.743351 0.143603 0.031915
2 0.788512 0.867021 0.203655 0.087766
