5 0.608108 0.191761 0.327327 0.099432
8 0.400901 0.191761 0.747748 0.105114
6 0.055556 0.410511 0.057057 0.053977
7 0.145646 0.410511 0.243243 0.059659
6 0.352853 0.410511 0.057057 0.053977
7 0.417417 0.410511 0.192192 0.059659
6 0.599099 0.410511 0.057057 0.053977
7 0.669670 0.410511 0.204204 0.059659
1 0.055556 0.589489 0.057057 0.053977
3 0.183183 0.589489 0.318318 0.059659
1 0.427928 0.589489 0.057057 0.053977
3 0.545045 0.589489 0.297297 0.059659
2 0.280781 0.791193 0.495495 0.099432
