5 0.579114 0.085492 0.702532 0.080311
8 0.481013 0.085492 0.905063 0.085492
5 0.431962 0.186528 0.458861 0.080311
8 0.346519 0.186528 0.636076 0.085492
5 0.390823 0.287565 0.313291 0.080311
8 0.289557 0.287565 0.522152 0.085492
5 0.458861 0.388601 0.278481 0.080311
8 0.314873 0.388601 0.572785 0.085492
5 0.395570 0.489637 0.411392 0.080311
8 0.316456 0.489637 0.575949 0.085492
5 0.500000 0.590674 0.392405 0.080311
8 0.363924 0.590674 0.670886 0.085492
6 0.055380 0.670984 0.053797 0.044041
7 0.107595 0.677461 0.164557 0.062176
6 0.276899 0.670984 0.053797 0.044041
7 0.378165 0.672280 0.262658 0.051813
6 0.596519 0.670984 0.053797 0.044041
7 0.696203 0.672280 0.259494 0.051813
1 0.055380 0.772021 0.053797 0.044041
3 0.113924 0.773316 0.177215 0.051813
1 0.289557 0.772021 0.053797 0.044041
3 0.363924 0.778497 0.208861 0.062176
2 0.656646 0.888601 0.319620 0.075130
