0 0.431122 0.097187 0.489796 0.058824
4 0.349490 0.097187 0.658163 0.063939
0 0.431122 0.168798 0.535714 0.058824
4 0.360969 0.168798 0.681122 0.063939
0 0.594388 0.240409 0.801020 0.058824
4 0.508929 0.240409 0.977041 0.063939
0 0.323980 0.312020 0.346939 0.058824
4 0.260204 0.312020 0.479592 0.063939
0 0.233418 0.383632 0.170918 0.058824
4 0.170918 0.383632 0.301020 0.063939
0 0.206633 0.455243 0.147959 0.058824
4 0.151786 0.455243 0.262755 0.063939
0 0.366071 0.526854 0.390306 0.058824
4 0.292092 0.526854 0.543367 0.063939
0 0.312500 0.598465 0.400510 0.058824
4 0.267857 0.598465 0.494898 0.063939
0 0.278061 0.670077 0.265306 0.058824
4 0.216837 0.670077 0.392857 0.063939
6 0.038903 0.728261 0.031888 0.031969
7 0.110332 0.728261 0.179847 0.037084
6 0.264668 0.728261 0.031888 0.031969
7 0.296556 0.728261 0.100765 0.037084
1 0.038903 0.799872 0.031888 0.031969
3 0.072066 0.801790 0.103316 0.040921
2 0.769133 0.900256 0.242347 0.089514
