0 0.336022 0.155388 0.123656 0.087719
4 0.211022 0.155388 0.379032 0.092732
0 0.330645 0.265664 0.107527 0.087719
4 0.204301 0.265664 0.365591 0.092732
0 0.618280 0.375940 0.725806 0.087719
4 0.502688 0.375940 0.962366 0.092732
0 0.419355 0.486216 0.311828 0.087719
4 0.299731 0.486216 0.556452 0.092732
6 0.049059 0.575815 0.049731 0.046366
7 0.144489 0.575815 0.245968 0.051378
6 0.343414 0.575815 0.049731 0.046366
7 0.465726 0.577694 0.299731 0.055138
1 0.049059 0.686090 0.049731 0.046366
3 0.143145 0.686090 0.243280 0.051378
1 0.340726 0.686090 0.049731 0.046366
3 0.457661 0.687970 0.288978 0.055138
2 0.594086 0.808271 0.532258 0.070175
