5 0.549351 0.101266 0.719481 0.053165
8 0.467532 0.101266 0.888312 0.058228
5 0.362338 0.207595 0.381818 0.053165
8 0.289610 0.207595 0.532468 0.058228
5 0.477922 0.313924 0.664935 0.053165
8 0.418182 0.313924 0.789610 0.058228
5 0.540260 0.420253 0.664935 0.053165
8 0.449351 0.420253 0.851948 0.058228
5 0.529870 0.526582 0.732468 0.053165
8 0.461039 0.526582 0.875325 0.058228
6 0.038961 0.651899 0.031169 0.030380
7 0.107792 0.651899 0.174026 0.035443
6 0.259740 0.651899 0.031169 0.030380
7 0.303896 0.651899 0.124675 0.035443
1 0.038961 0.758228 0.031169 0.030380
3 0.100000 0.758228 0.158442 0.035443
1 0.244156 0.758228 0.031169 0.030380
3 0.312987 0.758228 0.174026 0.035443
1 0.464935 0.758228 0.031169 0.030380
3 0.528571 0.758228 0.163636 0.035443
2 0.670130 0.881013 0.270130 0.063291
