0 0.502817 0.135714 0.397183 0.057143
4 0.363380 0.135714 0.681690 0.062857
0 0.622535 0.247143 0.574648 0.057143
4 0.467606 0.247143 0.890141 0.062857
0 0.539437 0.358571 0.419718 0.057143
4 0.387324 0.358571 0.729577 0.062857
0 0.452113 0.470000 0.307042 0.057143
4 0.315493 0.470000 0.585915 0.062857
6 0.040845 0.568571 0.030986 0.031429
7 0.122535 0.571429 0.200000 0.042857
6 0.291549 0.568571 0.030986 0.031429
7 0.329577 0.571429 0.112676 0.042857
1 0.040845 0.680000 0.030986 0.031429
3 0.109859 0.680000 0.174648 0.037143
1 0.266197 0.680000 0.030986 0.031429
3 0.347887 0.682857 0.200000 0.042857
1 0.516901 0.680000 0.030986 0.031429
3 0.584507 0.682857 0.171831 0.042857
2 0.394366 0.818571 0.321127 0.085714
