5 0.356397 0.205290 0.347258 0.080605
8 0.278068 0.205290 0.509138 0.085642
5 0.429504 0.301008 0.253264 0.080605
8 0.291123 0.301008 0.535248 0.085642
5 0.463446 0.396725 0.315927 0.080605
8 0.323760 0.396725 0.600522 0.085642
5 0.624021 0.492443 0.637076 0.080605
8 0.484334 0.492443 0.921671 0.085642
6 0.046345 0.567380 0.045692 0.044081
7 0.106397 0.569270 0.171018 0.052897
6 0.264360 0.567380 0.045692 0.044081
7 0.392298 0.575567 0.306789 0.065491
6 0.618146 0.567380 0.045692 0.044081
7 0.686031 0.569270 0.186684 0.052897
1 0.046345 0.663098 0.045692 0.044081
3 0.131201 0.664987 0.220627 0.052897
1 0.313969 0.663098 0.045692 0.044081
3 0.385770 0.671285 0.194517 0.065491
2 0.165796 0.769521 0.279373 0.065491
