0 0.363881 0.087065 0.188679 0.074627
4 0.241240 0.087065 0.439353 0.079602
0 0.319407 0.176617 0.115903 0.074627
4 0.200809 0.176617 0.358491 0.079602
0 0.467655 0.266169 0.396226 0.074627
4 0.345013 0.266169 0.646900 0.079602
0 0.568733 0.355721 0.619946 0.074627
4 0.451482 0.355721 0.859838 0.079602
0 0.408356 0.445274 0.256065 0.074627
4 0.280323 0.445274 0.517520 0.079602
0 0.405660 0.534826 0.256065 0.074627
4 0.278976 0.534826 0.514825 0.079602
0 0.431267 0.624378 0.334232 0.074627
4 0.311321 0.624378 0.579515 0.079602
6 0.045822 0.696517 0.043127 0.039801
7 0.090296 0.696517 0.137466 0.044776
6 0.231806 0.696517 0.043127 0.039801
7 0.318059 0.697761 0.221024 0.047264
6 0.501348 0.696517 0.043127 0.039801
7 0.551213 0.696517 0.148248 0.044776
1 0.045822 0.786070 0.043127 0.039801
3 0.136119 0.786070 0.229111 0.044776
1 0.323450 0.786070 0.043127 0.039801
3 0.367925 0.786070 0.137466 0.044776
2 0.582210 0.898010 0.522911 0.084577
