5 0.495455 0.081232 0.300000 0.070028
8 0.337879 0.081232 0.621212 0.075630
5 0.474242 0.232493 0.257576 0.070028
8 0.316667 0.232493 0.578788 0.075630
5 0.613636 0.383754 0.536364 0.070028
8 0.456061 0.383754 0.857576 0.075630
6 0.048485 0.516807 0.042424 0.039216
7 0.153030 0.518207 0.257576 0.047619
1 0.048485 0.668067 0.042424 0.039216
3 0.169697 0.675070 0.290909 0.058824
1 0.393939 0.668067 0.042424 0.039216
3 0.500000 0.669468 0.260606 0.047619
2 0.581818 0.824930 0.515152 0.050420
