0 0.387531 0.256364 0.731051 0.072727
4 0.387531 0.223636 0.735941 0.130909
6 0.035452 0.410909 0.026895 0.040000
7 0.102689 0.412727 0.166259 0.050909
6 0.245721 0.410909 0.026895 0.040000
7 0.297066 0.412727 0.134474 0.050909
6 0.424205 0.410909 0.026895 0.040000
7 0.491443 0.412727 0.166259 0.050909
1 0.035452 0.578182 0.026895 0.040000
3 0.090465 0.585455 0.141809 0.061818
1 0.221271 0.578182 0.026895 0.040000
3 0.279951 0.580000 0.149144 0.050909
2 0.352078 0.758182 0.200489 0.065455
