0 0.299392 0.133609 0.544073 0.066116
4 0.299392 0.110193 0.550152 0.107438
0 0.206687 0.279614 0.358663 0.066116
4 0.206687 0.256198 0.364742 0.107438
0 0.209726 0.425620 0.364742 0.066116
4 0.209726 0.402204 0.370821 0.107438
6 0.047112 0.559229 0.039514 0.035813
7 0.129179 0.559229 0.209726 0.041322
6 0.311550 0.559229 0.039514 0.035813
7 0.404255 0.560606 0.231003 0.044077
1 0.047112 0.705234 0.039514 0.035813
3 0.109422 0.705234 0.170213 0.041322
1 0.272036 0.705234 0.039514 0.035813
3 0.338906 0.705234 0.179331 0.041322
2 0.510638 0.874656 0.559271 0.082645
