5 0.243767 0.261965 0.149584 0.057935
8 0.173130 0.261965 0.296399 0.062972
6 0.042936 0.380353 0.036011 0.032746
7 0.081717 0.380353 0.119114 0.037783
6 0.211911 0.380353 0.036011 0.032746
7 0.279778 0.380353 0.177285 0.037783
6 0.439058 0.380353 0.036011 0.032746
7 0.486150 0.380353 0.135734 0.037783
1 0.042936 0.513854 0.036011 0.032746
3 0.095568 0.513854 0.146814 0.037783
1 0.239612 0.513854 0.036011 0.032746
3 0.277008 0.513854 0.116343 0.037783
2 0.509695 0.658690 0.531856 0.055416
