5 0.629834 0.163772 0.613260 0.057072
8 0.482044 0.163772 0.914365 0.062035
5 0.512431 0.285360 0.378453 0.057072
8 0.364641 0.285360 0.679558 0.062035
5 0.508287 0.406948 0.370166 0.057072
8 0.360497 0.406948 0.671271 0.062035
6 0.042818 0.558313 0.035912 0.032258
7 0.089779 0.558313 0.135359 0.037221
1 0.042818 0.679901 0.035912 0.032258
3 0.107735 0.679901 0.171271 0.037221
1 0.263812 0.679901 0.035912 0.032258
3 0.331492 0.679901 0.176796 0.037221
1 0.490331 0.679901 0.035912 0.032258
3 0.560773 0.679901 0.182320 0.037221
2 0.258287 0.822581 0.162983 0.074442
