7 0.566265 0.296341 0.703614 0.046341
8 0.471084 0.296341 0.898795 0.051220
7 0.592771 0.371951 0.756627 0.046341
8 0.497590 0.371951 0.951807 0.051220
7 0.422892 0.447561 0.416867 0.046341
8 0.327711 0.447561 0.612048 0.051220
2 0.034940 0.510976 0.026506 0.026829
5 0.065060 0.510976 0.091566 0.031707
2 0.169880 0.510976 0.026506 0.026829
5 0.218072 0.510976 0.127711 0.031707
2 0.340964 0.510976 0.026506 0.026829
5 0.401205 0.510976 0.151807 0.031707
2 0.536145 0.510976 0.026506 0.026829
5 0.562651 0.510976 0.084337 0.031707
3 0.034940 0.586585 0.026506 0.026829
6 0.069880 0.586585 0.101205 0.031707
1 0.725301 0.678049 0.457831 0.058537
