5 0.407012 0.244318 0.435976 0.056818
8 0.327744 0.244318 0.600610 0.062500
6 0.044970 0.371449 0.035061 0.032670
7 0.101372 0.371449 0.153963 0.038352
6 0.253811 0.371449 0.035061 0.032670
7 0.322409 0.371449 0.178354 0.038352
6 0.487043 0.371449 0.035061 0.032670
7 0.517530 0.371449 0.102134 0.038352
1 0.044970 0.513494 0.035061 0.032670
3 0.105945 0.513494 0.163110 0.038352
1 0.262957 0.513494 0.035061 0.032670
3 0.333079 0.513494 0.181402 0.038352
1 0.499238 0.513494 0.035061 0.032670
3 0.543445 0.513494 0.129573 0.038352
2 0.702744 0.687500 0.381098 0.096591
