0 0.651603 0.084158 0.667638 0.071782
4 0.505831 0.084158 0.965015 0.076733
0 0.498542 0.165842 0.326531 0.071782
4 0.344023 0.165842 0.641399 0.076733
0 0.472303 0.247525 0.606414 0.071782
4 0.400875 0.247525 0.755102 0.076733
0 0.437318 0.329208 0.548105 0.071782
4 0.368805 0.329208 0.690962 0.076733
0 0.419825 0.410891 0.285714 0.071782
4 0.294461 0.410891 0.542274 0.076733
0 0.655977 0.492574 0.530612 0.071782
4 0.473761 0.492574 0.900875 0.076733
0 0.537901 0.574257 0.463557 0.071782
4 0.397959 0.574257 0.749271 0.076733
0 0.432945 0.655941 0.399417 0.071782
4 0.329446 0.655941 0.612245 0.076733
6 0.048834 0.720916 0.045190 0.038366
7 0.105685 0.721535 0.164723 0.044554
1 0.048834 0.802599 0.045190 0.038366
3 0.158163 0.803218 0.269679 0.044554
1 0.370991 0.802599 0.045190 0.038366
3 0.497813 0.808168 0.304665 0.054455
1 0.728134 0.802599 0.045190 0.038366
3 0.837464 0.803218 0.269679 0.044554
2 0.730321 0.894802 0.276968 0.059406
