0 0.561275 0.152367 0.549020 0.065089
4 0.428922 0.152367 0.818627 0.071006
0 0.596814 0.303254 0.644608 0.065089
4 0.470588 0.303254 0.901961 0.071006
2 0.036765 0.439349 0.029412 0.035503
5 0.105392 0.439349 0.171569 0.041420
2 0.252451 0.439349 0.029412 0.035503
5 0.324755 0.439349 0.178922 0.041420
3 0.036765 0.590237 0.029412 0.035503
6 0.068627 0.590237 0.098039 0.041420
3 0.178922 0.590237 0.029412 0.035503
6 0.223039 0.590237 0.122549 0.041420
3 0.345588 0.590237 0.029412 0.035503
6 0.386029 0.590237 0.115196 0.041420
3 0.504902 0.590237 0.029412 0.035503
6 0.536765 0.590237 0.098039 0.041420
1 0.232843 0.770710 0.093137 0.094675
