0 0.456311 0.144172 0.330097 0.085890
4 0.325243 0.144172 0.598706 0.092025
0 0.587379 0.276074 0.501618 0.085890
4 0.433657 0.276074 0.815534 0.092025
0 0.373786 0.407975 0.119741 0.085890
4 0.231392 0.407975 0.411003 0.092025
6 0.053398 0.519939 0.048544 0.046012
7 0.097087 0.521472 0.142395 0.055215
6 0.254045 0.519939 0.048544 0.046012
7 0.330097 0.519939 0.207120 0.052147
6 0.519417 0.519939 0.048544 0.046012
7 0.579288 0.519939 0.174757 0.052147
1 0.053398 0.651840 0.048544 0.046012
3 0.108414 0.651840 0.165049 0.052147
1 0.276699 0.651840 0.048544 0.046012
3 0.318770 0.653374 0.139159 0.055215
1 0.474110 0.651840 0.048544 0.046012
3 0.535599 0.651840 0.177994 0.052147
2 0.425566 0.803681 0.443366 0.085890
