0 0.132075 0.215753 0.215633 0.082192
4 0.132075 0.176370 0.221024 0.154110
0 0.318059 0.373288 0.587601 0.082192
4 0.318059 0.333904 0.592992 0.154110
2 0.041779 0.505137 0.035040 0.044521
5 0.105121 0.506849 0.167116 0.054795
2 0.257412 0.505137 0.035040 0.044521
5 0.301887 0.506849 0.129380 0.054795
2 0.435310 0.505137 0.035040 0.044521
5 0.502695 0.506849 0.175202 0.054795
3 0.041779 0.662671 0.035040 0.044521
6 0.098383 0.664384 0.153639 0.054795
3 0.243935 0.662671 0.035040 0.044521
6 0.308625 0.664384 0.169811 0.054795
1 0.353100 0.854452 0.474394 0.113014
