0 0.182741 0.161039 0.319797 0.085714
4 0.182741 0.125974 0.324873 0.150649
0 0.261421 0.298701 0.477157 0.085714
4 0.261421 0.268831 0.482234 0.140260
0 0.143401 0.457143 0.241117 0.085714
4 0.143401 0.422078 0.246193 0.150649
6 0.045051 0.579870 0.044416 0.045455
7 0.164340 0.584416 0.288071 0.059740
6 0.378807 0.579870 0.044416 0.045455
7 0.476523 0.584416 0.244924 0.059740
1 0.045051 0.727922 0.044416 0.045455
3 0.137690 0.727922 0.234772 0.050649
2 0.409898 0.892208 0.560914 0.077922
