0 0.157407 0.240838 0.267196 0.081152
4 0.157407 0.206806 0.272487 0.143979
0 0.170635 0.384817 0.293651 0.081152
4 0.170635 0.350785 0.298942 0.143979
6 0.045635 0.504581 0.043651 0.043194
7 0.131614 0.504581 0.220899 0.048429
6 0.314153 0.504581 0.043651 0.043194
7 0.404101 0.509162 0.228836 0.057592
6 0.590608 0.504581 0.043651 0.043194
7 0.643519 0.504581 0.154762 0.048429
1 0.045635 0.648560 0.043651 0.043194
3 0.122354 0.648560 0.202381 0.048429
1 0.295635 0.648560 0.043651 0.043194
3 0.337963 0.653141 0.133598 0.057592
2 0.591270 0.811518 0.156085 0.081152
