7 0.556818 0.064304 0.255051 0.089239
8 0.354798 0.064304 0.664141 0.094488
7 0.699495 0.224409 0.540404 0.089239
8 0.497475 0.224409 0.949495 0.094488
7 0.491162 0.384514 0.123737 0.089239
8 0.289141 0.384514 0.532828 0.094488
2 0.046086 0.584646 0.046717 0.048556
5 0.150884 0.584646 0.261364 0.053806
2 0.352904 0.584646 0.046717 0.048556
5 0.428662 0.584646 0.203283 0.053806
3 0.046086 0.744751 0.046717 0.048556
6 0.147096 0.744751 0.253788 0.053806
3 0.345328 0.744751 0.046717 0.048556
6 0.460227 0.749344 0.281566 0.062992
3 0.672348 0.744751 0.046717 0.048556
6 0.821338 0.749344 0.349747 0.062992
1 0.493687 0.912073 0.502525 0.062992
