0 0.320968 0.196822 0.583871 0.068460
4 0.320968 0.171149 0.590323 0.114914
0 0.170968 0.323961 0.283871 0.068460
4 0.170968 0.298289 0.290323 0.114914
0 0.314516 0.451100 0.570968 0.068460
4 0.314516 0.425428 0.577419 0.114914
6 0.053226 0.567237 0.048387 0.036675
7 0.135484 0.567237 0.219355 0.041565
6 0.330645 0.567237 0.048387 0.036675
7 0.404839 0.567237 0.203226 0.041565
6 0.591935 0.567237 0.048387 0.036675
7 0.720968 0.572127 0.312903 0.051345
1 0.053226 0.694377 0.048387 0.036675
3 0.182258 0.699267 0.312903 0.051345
2 0.267742 0.825183 0.109677 0.044010
