0 0.578869 0.080292 0.449405 0.051095
4 0.415179 0.080292 0.782738 0.055961
0 0.547619 0.148418 0.428571 0.051095
4 0.394345 0.148418 0.741071 0.055961
0 0.434524 0.216545 0.202381 0.051095
4 0.281250 0.216545 0.514881 0.055961
0 0.489583 0.284672 0.300595 0.051095
4 0.333333 0.284672 0.619048 0.055961
0 0.498512 0.352798 0.294643 0.051095
4 0.336310 0.352798 0.625000 0.055961
0 0.467262 0.420925 0.232143 0.051095
4 0.305060 0.420925 0.562500 0.055961
0 0.663690 0.489051 0.642857 0.051095
4 0.505952 0.489051 0.964286 0.055961
0 0.382440 0.557178 0.145833 0.051095
4 0.241071 0.557178 0.434524 0.055961
0 0.598214 0.625304 0.505952 0.051095
4 0.438988 0.625304 0.830357 0.055961
0 0.538690 0.693431 0.416667 0.051095
4 0.386905 0.693431 0.726190 0.055961
6 0.043899 0.750000 0.034226 0.027981
7 0.125744 0.754258 0.203869 0.041363
1 0.043899 0.818127 0.034226 0.027981
3 0.088542 0.822384 0.129464 0.041363
1 0.226935 0.818127 0.034226 0.027981
3 0.298363 0.818735 0.183036 0.034063
2 0.552083 0.905109 0.431548 0.065693
