5 0.443548 0.182779 0.548387 0.102719
8 0.372312 0.182779 0.696237 0.108761
6 0.049059 0.413142 0.049731 0.055891
7 0.096102 0.418429 0.149194 0.072508
6 0.246640 0.413142 0.049731 0.055891
7 0.296371 0.413142 0.154570 0.061934
1 0.049059 0.597432 0.049731 0.055891
3 0.114919 0.597432 0.186828 0.061934
1 0.284274 0.597432 0.049731 0.055891
3 0.377016 0.597432 0.240591 0.061934
1 0.573253 0.597432 0.049731 0.055891
3 0.657930 0.597432 0.224462 0.061934
2 0.178763 0.790030 0.276882 0.072508
