5 0.472155 0.198163 0.493947 0.052493
8 0.371671 0.198163 0.699758 0.057743
5 0.548426 0.329396 0.646489 0.052493
8 0.447942 0.329396 0.852300 0.057743
6 0.035714 0.480971 0.027845 0.030184
7 0.092615 0.480971 0.146489 0.035433
6 0.225787 0.480971 0.027845 0.030184
7 0.259685 0.480971 0.100484 0.035433
6 0.369855 0.480971 0.027845 0.030184
7 0.425545 0.480971 0.144068 0.035433
6 0.557506 0.480971 0.027845 0.030184
7 0.613196 0.480971 0.144068 0.035433
1 0.035714 0.612205 0.027845 0.030184
3 0.113196 0.612205 0.187651 0.035433
1 0.266949 0.612205 0.027845 0.030184
3 0.298426 0.612205 0.095642 0.035433
1 0.406174 0.612205 0.027845 0.030184
3 0.440073 0.612205 0.100484 0.035433
2 0.256659 0.755906 0.092010 0.055118
