5 0.375325 0.120773 0.392208 0.045894
8 0.298701 0.120773 0.550649 0.050725
5 0.387013 0.210145 0.353247 0.045894
8 0.294805 0.210145 0.542857 0.050725
5 0.490909 0.299517 0.587013 0.045894
8 0.405195 0.299517 0.763636 0.050725
5 0.566234 0.388889 0.851948 0.045894
8 0.509091 0.388889 0.971429 0.050725
5 0.416883 0.478261 0.475325 0.045894
8 0.340260 0.478261 0.633766 0.050725
5 0.307792 0.567633 0.241558 0.045894
8 0.227273 0.567633 0.407792 0.050725
6 0.037662 0.685990 0.028571 0.026570
7 0.075325 0.690821 0.109091 0.041063
6 0.193506 0.685990 0.028571 0.026570
7 0.224675 0.690821 0.096104 0.041063
1 0.037662 0.775362 0.028571 0.026570
3 0.103896 0.780193 0.166234 0.041063
1 0.250649 0.775362 0.028571 0.026570
3 0.305195 0.776570 0.142857 0.033816
2 0.700000 0.885266 0.251948 0.067633
