0 0.338141 0.156923 0.362179 0.073846
4 0.274038 0.156923 0.496795 0.080000
0 0.458333 0.264615 0.608974 0.073846
4 0.395833 0.264615 0.740385 0.080000
0 0.423077 0.372308 0.346154 0.073846
4 0.312500 0.372308 0.573718 0.080000
0 0.528846 0.480000 0.653846 0.073846
4 0.442308 0.480000 0.833333 0.080000
6 0.049679 0.570769 0.041667 0.040000
7 0.086538 0.572308 0.121795 0.049231
6 0.229167 0.570769 0.041667 0.040000
7 0.294872 0.570769 0.179487 0.046154
6 0.466346 0.570769 0.041667 0.040000
7 0.517628 0.570769 0.150641 0.046154
1 0.049679 0.678462 0.041667 0.040000
3 0.139423 0.678462 0.227564 0.046154
1 0.334936 0.678462 0.041667 0.040000
3 0.379808 0.678462 0.137821 0.046154
1 0.530449 0.678462 0.041667 0.040000
3 0.599359 0.678462 0.185897 0.046154
2 0.520833 0.815385 0.355769 0.098462
