5 0.440244 0.293046 0.343902 0.076159
8 0.318293 0.293046 0.592683 0.082781
6 0.037805 0.395695 0.031707 0.043046
7 0.087805 0.395695 0.136585 0.049669
6 0.218293 0.395695 0.031707 0.043046
7 0.267073 0.395695 0.134146 0.049669
6 0.396341 0.395695 0.031707 0.043046
7 0.447561 0.397351 0.139024 0.052980
6 0.579268 0.395695 0.031707 0.043046
7 0.652439 0.397351 0.182927 0.052980
1 0.037805 0.518212 0.031707 0.043046
3 0.065854 0.519868 0.092683 0.052980
2 0.550000 0.667219 0.124390 0.096026
