5 0.363753 0.181694 0.244216 0.051913
8 0.255784 0.181694 0.465296 0.057377
5 0.435733 0.280055 0.449871 0.051913
8 0.343188 0.280055 0.640103 0.057377
5 0.416452 0.378415 0.395887 0.051913
8 0.320051 0.378415 0.593830 0.057377
5 0.583548 0.476776 0.745501 0.051913
8 0.491003 0.476776 0.935733 0.057377
6 0.037275 0.602459 0.028278 0.030055
7 0.071979 0.605191 0.102828 0.040984
1 0.037275 0.700820 0.028278 0.030055
3 0.102828 0.700820 0.164524 0.035519
2 0.268638 0.821038 0.161954 0.073770
