0 0.493485 0.130807 0.328990 0.070905
4 0.343648 0.130807 0.635179 0.075795
0 0.578176 0.245721 0.472313 0.070905
4 0.421824 0.245721 0.791531 0.075795
0 0.568404 0.360636 0.472313 0.070905
4 0.416938 0.360636 0.781759 0.075795
0 0.408795 0.475550 0.211726 0.070905
4 0.271987 0.475550 0.491857 0.075795
6 0.054560 0.573961 0.050489 0.037897
7 0.132736 0.573961 0.213355 0.042787
6 0.326547 0.573961 0.050489 0.037897
7 0.380293 0.574572 0.164495 0.044010
6 0.549674 0.573961 0.050489 0.037897
7 0.634365 0.574572 0.226384 0.044010
1 0.054560 0.688875 0.050489 0.037897
3 0.131107 0.688875 0.210098 0.042787
1 0.323290 0.688875 0.050489 0.037897
3 0.407980 0.689487 0.226384 0.044010
2 0.578176 0.822738 0.459283 0.075795
