0 0.420424 0.101583 0.209549 0.058047
4 0.274536 0.101583 0.506631 0.063325
0 0.509284 0.222955 0.403183 0.058047
4 0.367374 0.222955 0.692308 0.063325
0 0.454907 0.344327 0.326260 0.058047
4 0.320955 0.344327 0.599469 0.063325
0 0.388594 0.465699 0.193634 0.058047
4 0.254642 0.465699 0.466844 0.063325
6 0.039788 0.573879 0.031830 0.031662
7 0.118037 0.573879 0.193634 0.036939
6 0.281167 0.573879 0.031830 0.031662
7 0.320955 0.577836 0.116711 0.044855
1 0.039788 0.695251 0.031830 0.031662
3 0.112732 0.695251 0.183024 0.036939
1 0.270557 0.695251 0.031830 0.031662
3 0.327586 0.695251 0.151194 0.036939
1 0.469496 0.695251 0.031830 0.031662
3 0.526525 0.695251 0.151194 0.036939
2 0.212202 0.837731 0.100796 0.073879
