0 0.279586 0.308094 0.505917 0.054830
4 0.279586 0.285901 0.511834 0.093995
6 0.043639 0.426240 0.034024 0.030026
7 0.111686 0.429504 0.176036 0.041775
6 0.272929 0.426240 0.034024 0.030026
7 0.305473 0.429504 0.105030 0.041775
1 0.043639 0.554178 0.034024 0.030026
3 0.082101 0.554178 0.116864 0.035248
1 0.213757 0.554178 0.034024 0.030026
3 0.275888 0.557441 0.164201 0.041775
1 0.431213 0.554178 0.034024 0.030026
3 0.463757 0.554178 0.105030 0.035248
2 0.594675 0.704961 0.207101 0.075718
