0 0.462560 0.106849 0.669082 0.063014
4 0.409420 0.106849 0.780193 0.068493
0 0.536232 0.183562 0.777778 0.063014
4 0.473430 0.183562 0.908213 0.068493
0 0.404589 0.260274 0.413043 0.063014
4 0.316425 0.260274 0.594203 0.068493
0 0.251208 0.336986 0.246377 0.063014
4 0.198068 0.336986 0.357488 0.068493
0 0.291063 0.413699 0.181159 0.063014
4 0.201691 0.413699 0.364734 0.068493
0 0.324879 0.490411 0.413043 0.063014
4 0.276570 0.490411 0.514493 0.068493
0 0.272947 0.567123 0.154589 0.063014
4 0.185990 0.567123 0.333333 0.068493
0 0.555556 0.643836 0.685990 0.063014
4 0.460145 0.643836 0.881643 0.068493
6 0.036836 0.706164 0.030193 0.034247
7 0.073068 0.706164 0.107488 0.039726
6 0.187802 0.706164 0.030193 0.034247
7 0.232488 0.706164 0.124396 0.039726
6 0.355676 0.706164 0.030193 0.034247
7 0.414855 0.706164 0.153382 0.039726
1 0.036836 0.782877 0.030193 0.034247
3 0.111715 0.782877 0.184783 0.039726
2 0.597826 0.873973 0.176329 0.063014
