0 0.538585 0.291317 0.350482 0.081232
4 0.371383 0.291317 0.691318 0.086835
2 0.053859 0.395658 0.049839 0.043417
5 0.166399 0.395658 0.281350 0.049020
2 0.393087 0.395658 0.049839 0.043417
5 0.497588 0.395658 0.265273 0.049020
3 0.053859 0.518908 0.049839 0.043417
6 0.174437 0.518908 0.297428 0.049020
3 0.409164 0.518908 0.049839 0.043417
6 0.516881 0.518908 0.271704 0.049020
3 0.738746 0.518908 0.049839 0.043417
6 0.796624 0.523810 0.172026 0.058824
1 0.487138 0.655462 0.395498 0.070028
