0 0.541009 0.164179 0.419558 0.100746
4 0.389590 0.164179 0.728707 0.108209
0 0.495268 0.317164 0.353312 0.100746
4 0.350158 0.317164 0.649842 0.108209
6 0.051262 0.446828 0.045741 0.054104
7 0.145899 0.449627 0.241325 0.067164
6 0.349369 0.446828 0.045741 0.054104
7 0.440852 0.457090 0.235016 0.082090
6 0.641167 0.446828 0.045741 0.054104
7 0.694795 0.449627 0.159306 0.067164
1 0.051262 0.599813 0.045741 0.054104
3 0.188486 0.610075 0.326498 0.082090
1 0.434543 0.599813 0.045741 0.054104
3 0.483438 0.602612 0.149842 0.067164
1 0.641167 0.599813 0.045741 0.054104
3 0.732650 0.610075 0.235016 0.082090
2 0.408517 0.785448 0.388013 0.119403
