0 0.544818 0.210052 0.383754 0.090206
4 0.380952 0.210052 0.717087 0.095361
0 0.593838 0.320876 0.610644 0.090206
4 0.462185 0.320876 0.879552 0.095361
0 0.577031 0.431701 0.593838 0.090206
4 0.449580 0.431701 0.854342 0.095361
6 0.051120 0.521263 0.051821 0.047680
7 0.167367 0.521263 0.289916 0.052835
1 0.051120 0.632088 0.051821 0.047680
3 0.107143 0.636598 0.169468 0.061856
1 0.271008 0.632088 0.051821 0.047680
3 0.329832 0.632088 0.175070 0.052835
2 0.801120 0.761598 0.212885 0.085052
