7 0.570496 0.160405 0.780679 0.066474
8 0.493473 0.160405 0.939948 0.072254
7 0.506527 0.284682 0.443864 0.066474
8 0.377285 0.284682 0.707572 0.072254
7 0.473890 0.408960 0.477807 0.066474
8 0.369452 0.408960 0.691906 0.072254
2 0.040470 0.567919 0.033943 0.037572
5 0.122715 0.567919 0.203655 0.043353
2 0.291123 0.567919 0.033943 0.037572
5 0.373368 0.567919 0.203655 0.043353
2 0.541775 0.567919 0.033943 0.037572
5 0.590078 0.567919 0.135770 0.043353
3 0.040470 0.692197 0.033943 0.037572
6 0.083551 0.692197 0.125326 0.043353
3 0.212794 0.692197 0.033943 0.037572
6 0.253264 0.696532 0.120104 0.052023
1 0.736292 0.838150 0.271540 0.080925
