7 0.355330 0.109722 0.304569 0.080556
8 0.266497 0.109722 0.487310 0.086111
7 0.430203 0.281944 0.454315 0.080556
8 0.341371 0.281944 0.637056 0.086111
2 0.043147 0.483333 0.040609 0.044444
5 0.118020 0.483333 0.195431 0.050000
2 0.284264 0.483333 0.040609 0.044444
5 0.326142 0.483333 0.129442 0.050000
3 0.043147 0.655556 0.040609 0.044444
6 0.118020 0.655556 0.195431 0.050000
3 0.284264 0.655556 0.040609 0.044444
6 0.342640 0.655556 0.162437 0.050000
3 0.492386 0.655556 0.040609 0.044444
6 0.572335 0.655556 0.205584 0.050000
1 0.444162 0.852778 0.238579 0.094444
