5 0.582090 0.109940 0.651741 0.078313
8 0.466418 0.109940 0.888060 0.084337
5 0.350746 0.281627 0.189055 0.078313
8 0.235075 0.281627 0.425373 0.084337
6 0.040423 0.432982 0.036070 0.043675
7 0.081468 0.433735 0.123134 0.051205
6 0.208333 0.432982 0.036070 0.043675
7 0.264303 0.433735 0.152985 0.051205
6 0.406095 0.432982 0.036070 0.043675
7 0.474502 0.439759 0.177861 0.063253
6 0.628731 0.432982 0.036070 0.043675
7 0.714552 0.439759 0.212687 0.063253
1 0.040423 0.604669 0.036070 0.043675
3 0.122512 0.611446 0.205224 0.063253
1 0.290423 0.604669 0.036070 0.043675
3 0.358831 0.611446 0.177861 0.063253
2 0.462687 0.790663 0.348259 0.072289
