5 0.667752 0.110482 0.638436 0.099150
8 0.509772 0.110482 0.960912 0.104816
5 0.697068 0.286119 0.573290 0.099150
8 0.508143 0.286119 0.957655 0.104816
6 0.060261 0.507082 0.061889 0.053824
7 0.200326 0.507082 0.348534 0.059490
6 0.467427 0.507082 0.061889 0.053824
7 0.604235 0.507082 0.342020 0.059490
1 0.060261 0.682720 0.061889 0.053824
3 0.166124 0.682720 0.280130 0.059490
1 0.399023 0.682720 0.061889 0.053824
3 0.508143 0.682720 0.286645 0.059490
2 0.275244 0.882436 0.309446 0.101983
