0 0.105932 0.138961 0.161017 0.083117
4 0.105932 0.106494 0.166667 0.142857
0 0.248588 0.292208 0.446328 0.083117
4 0.248588 0.259740 0.451977 0.142857
0 0.269774 0.458442 0.488701 0.083117
4 0.269774 0.419481 0.494350 0.155844
6 0.049435 0.587013 0.048023 0.044156
7 0.114407 0.589610 0.183616 0.054545
1 0.049435 0.740260 0.048023 0.044156
3 0.112994 0.749351 0.180791 0.067532
1 0.281073 0.740260 0.048023 0.044156
3 0.426554 0.749351 0.344633 0.067532
1 0.676554 0.740260 0.048023 0.044156
3 0.754237 0.749351 0.209040 0.067532
2 0.173729 0.905195 0.262712 0.067532
