0 0.475000 0.106516 0.494444 0.052632
4 0.373611 0.106516 0.702778 0.057644
0 0.447222 0.199248 0.488889 0.052632
4 0.358333 0.199248 0.672222 0.057644
0 0.322222 0.291980 0.250000 0.052632
4 0.236111 0.291980 0.427778 0.057644
0 0.408333 0.384712 0.383333 0.052632
4 0.312500 0.384712 0.580556 0.057644
0 0.491667 0.477444 0.705556 0.052632
4 0.434722 0.477444 0.825000 0.057644
0 0.463889 0.570175 0.522222 0.052632
4 0.375000 0.570175 0.705556 0.057644
2 0.040972 0.651003 0.031944 0.028822
5 0.106250 0.651003 0.168056 0.033835
2 0.259028 0.651003 0.031944 0.028822
5 0.331250 0.651003 0.181944 0.033835
3 0.040972 0.743734 0.031944 0.028822
6 0.095139 0.743734 0.145833 0.033835
1 0.211111 0.862155 0.266667 0.080201
