5 0.619741 0.104457 0.514563 0.066852
8 0.454693 0.104457 0.851133 0.072423
5 0.614887 0.227019 0.504854 0.066852
8 0.449838 0.227019 0.841424 0.072423
5 0.487055 0.349582 0.249191 0.066852
8 0.322006 0.349582 0.585761 0.072423
5 0.593851 0.472145 0.462783 0.066852
8 0.428803 0.472145 0.799353 0.072423
6 0.050971 0.630223 0.043689 0.037604
7 0.122168 0.630919 0.192557 0.044568
6 0.301780 0.630223 0.043689 0.037604
7 0.355178 0.630919 0.156958 0.044568
6 0.516990 0.630223 0.043689 0.037604
7 0.583333 0.630919 0.182848 0.044568
1 0.050971 0.752786 0.043689 0.037604
3 0.104369 0.753482 0.156958 0.044568
1 0.266181 0.752786 0.043689 0.037604
3 0.356796 0.757660 0.231392 0.052925
2 0.302589 0.902507 0.411003 0.091922
