0 0.567073 0.064767 0.626829 0.067358
4 0.451220 0.064767 0.863415 0.072539
0 0.510976 0.181347 0.543902 0.067358
4 0.402439 0.181347 0.765854 0.072539
0 0.436585 0.297927 0.326829 0.067358
4 0.310976 0.297927 0.582927 0.072539
0 0.515854 0.414508 0.548780 0.067358
4 0.406098 0.414508 0.773171 0.072539
0 0.501220 0.531088 0.514634 0.067358
4 0.390244 0.531088 0.741463 0.072539
2 0.039024 0.632124 0.034146 0.036269
5 0.120732 0.633420 0.202439 0.044041
2 0.285366 0.632124 0.034146 0.036269
5 0.337805 0.632124 0.143902 0.041451
3 0.039024 0.748705 0.034146 0.036269
6 0.106098 0.750000 0.173171 0.044041
3 0.256098 0.748705 0.034146 0.036269
6 0.330488 0.748705 0.187805 0.041451
3 0.487805 0.748705 0.034146 0.036269
6 0.524390 0.748705 0.112195 0.041451
1 0.240244 0.871762 0.202439 0.049223
