5 0.332425 0.153186 0.223433 0.056373
8 0.235695 0.153186 0.422343 0.061275
5 0.434605 0.278186 0.389646 0.056373
8 0.328338 0.278186 0.607629 0.061275
5 0.350136 0.403186 0.395095 0.056373
8 0.287466 0.403186 0.525886 0.061275
6 0.042234 0.560049 0.035422 0.031863
7 0.092643 0.561275 0.141689 0.039216
6 0.232970 0.560049 0.035422 0.031863
7 0.272480 0.561275 0.119891 0.039216
6 0.401907 0.560049 0.035422 0.031863
7 0.478202 0.564951 0.193460 0.046569
1 0.042234 0.685049 0.035422 0.031863
3 0.087193 0.686275 0.130790 0.039216
1 0.222071 0.685049 0.035422 0.031863
3 0.322888 0.686275 0.242507 0.039216
1 0.513624 0.685049 0.035422 0.031863
3 0.584469 0.686275 0.182561 0.039216
2 0.568120 0.837010 0.525886 0.085784
