0 0.290429 0.212435 0.521452 0.082902
4 0.290429 0.178756 0.528053 0.145078
0 0.326733 0.367876 0.594059 0.082902
4 0.326733 0.334197 0.600660 0.145078
6 0.057756 0.498705 0.056106 0.044041
7 0.148515 0.498705 0.244224 0.049223
6 0.361386 0.498705 0.056106 0.044041
7 0.476898 0.498705 0.293729 0.049223
6 0.714521 0.498705 0.056106 0.044041
7 0.838284 0.498705 0.310231 0.049223
1 0.057756 0.654145 0.056106 0.044041
3 0.174917 0.658031 0.297030 0.056995
1 0.414191 0.654145 0.056106 0.044041
3 0.531353 0.654145 0.297030 0.049223
2 0.772277 0.813472 0.316832 0.051813
