7 0.358173 0.231023 0.442308 0.069307
8 0.301683 0.231023 0.560096 0.075908
2 0.036058 0.407591 0.028846 0.039604
5 0.072115 0.407591 0.105769 0.046205
2 0.185096 0.407591 0.028846 0.039604
5 0.219952 0.407591 0.103365 0.046205
2 0.331731 0.407591 0.028846 0.039604
5 0.402644 0.407591 0.175481 0.046205
2 0.550481 0.407591 0.028846 0.039604
5 0.593750 0.407591 0.120192 0.046205
3 0.036058 0.559406 0.028846 0.039604
6 0.118990 0.559406 0.199519 0.046205
1 0.727163 0.740924 0.141827 0.099010
