5 0.485488 0.109254 0.591029 0.046272
8 0.403694 0.109254 0.759894 0.051414
5 0.407652 0.168380 0.567282 0.046272
8 0.358839 0.168380 0.670185 0.051414
5 0.315303 0.227506 0.356201 0.046272
8 0.259894 0.227506 0.472296 0.051414
5 0.224274 0.286632 0.184697 0.046272
8 0.171504 0.286632 0.295515 0.051414
5 0.546174 0.345758 0.712401 0.046272
8 0.464380 0.345758 0.881266 0.051414
5 0.440633 0.404884 0.617414 0.046272
8 0.387863 0.404884 0.728232 0.051414
5 0.378628 0.464010 0.509235 0.046272
8 0.329815 0.464010 0.612137 0.051414
5 0.519789 0.523136 0.749340 0.046272
8 0.460422 0.523136 0.873351 0.051414
5 0.287599 0.582262 0.311346 0.046272
8 0.234828 0.582262 0.422164 0.051414
5 0.307388 0.641388 0.345646 0.046272
8 0.253298 0.641388 0.459103 0.051414
5 0.395778 0.700514 0.390501 0.046272
8 0.308707 0.700514 0.569921 0.051414
6 0.037599 0.747429 0.027704 0.026992
7 0.063984 0.748072 0.085752 0.033419
6 0.170844 0.747429 0.027704 0.026992
7 0.197230 0.748072 0.085752 0.033419
6 0.304090 0.747429 0.027704 0.026992
7 0.337071 0.748072 0.098945 0.033419
1 0.037599 0.806555 0.027704 0.026992
3 0.083773 0.806555 0.125330 0.032134
1 0.210422 0.806555 0.027704 0.026992
3 0.263193 0.806555 0.138522 0.032134
1 0.396438 0.806555 0.027704 0.026992
3 0.433377 0.806555 0.106860 0.032134
2 0.488127 0.881748 0.728232 0.059126
