0 0.521144 0.164198 0.559701 0.074074
4 0.411692 0.164198 0.783582 0.079012
0 0.524876 0.287654 0.592040 0.074074
4 0.421642 0.287654 0.803483 0.079012
0 0.601990 0.411111 0.696517 0.074074
4 0.486318 0.411111 0.932836 0.079012
6 0.042289 0.517284 0.039801 0.039506
7 0.134328 0.522222 0.228856 0.054321
1 0.042289 0.640741 0.039801 0.039506
3 0.130597 0.645679 0.221393 0.054321
1 0.308458 0.640741 0.039801 0.039506
3 0.348259 0.640741 0.124378 0.044444
1 0.477612 0.640741 0.039801 0.039506
3 0.553483 0.640741 0.196517 0.044444
1 0.718905 0.640741 0.039801 0.039506
3 0.818408 0.640741 0.243781 0.044444
2 0.594527 0.786420 0.477612 0.083951
