5 0.536164 0.167883 0.393082 0.076642
8 0.382075 0.167883 0.707547 0.083942
5 0.608491 0.273723 0.537736 0.076642
8 0.454403 0.273723 0.852201 0.083942
5 0.430818 0.379562 0.182390 0.076642
8 0.276730 0.379562 0.496855 0.083942
5 0.487421 0.485401 0.295597 0.076642
8 0.333333 0.485401 0.610063 0.083942
6 0.047170 0.571168 0.037736 0.043796
7 0.083333 0.571168 0.116352 0.051095
6 0.220126 0.571168 0.037736 0.043796
7 0.284591 0.571168 0.172956 0.051095
1 0.047170 0.677007 0.037736 0.043796
3 0.119497 0.677007 0.188679 0.051095
2 0.215409 0.801095 0.210692 0.080292
