7 0.554839 0.071233 0.380645 0.063014
8 0.388710 0.071233 0.719355 0.068493
7 0.641935 0.202740 0.554839 0.063014
8 0.475806 0.202740 0.893548 0.068493
7 0.622581 0.334247 0.516129 0.063014
8 0.456452 0.334247 0.854839 0.068493
7 0.512903 0.465753 0.296774 0.063014
8 0.346774 0.465753 0.635484 0.068493
2 0.050000 0.630137 0.041935 0.035616
5 0.193548 0.634247 0.335484 0.049315
3 0.050000 0.761644 0.041935 0.035616
6 0.143548 0.761644 0.235484 0.041096
3 0.343548 0.761644 0.041935 0.035616
6 0.445161 0.761644 0.251613 0.041096
1 0.356452 0.900000 0.183871 0.049315
