0 0.384164 0.115776 0.304985 0.050891
4 0.281525 0.115776 0.516129 0.055980
0 0.447214 0.217557 0.601173 0.050891
4 0.387097 0.217557 0.727273 0.055980
0 0.602639 0.319338 0.765396 0.050891
4 0.505865 0.319338 0.964809 0.055980
0 0.385630 0.421120 0.489736 0.050891
4 0.328446 0.421120 0.609971 0.055980
0 0.491202 0.522901 0.554252 0.050891
4 0.397361 0.522901 0.747801 0.055980
2 0.042522 0.613232 0.032258 0.027990
5 0.090909 0.615776 0.134897 0.038168
2 0.230205 0.613232 0.032258 0.027990
5 0.321114 0.613232 0.219941 0.033079
2 0.502933 0.613232 0.032258 0.027990
5 0.573314 0.615776 0.178886 0.038168
3 0.042522 0.715013 0.032258 0.027990
6 0.086510 0.715013 0.126100 0.033079
3 0.221408 0.715013 0.032258 0.027990
6 0.259531 0.717557 0.114370 0.038168
3 0.388563 0.715013 0.032258 0.027990
6 0.438416 0.715013 0.137830 0.033079
1 0.146628 0.835878 0.228739 0.066158
