5 0.613960 0.077031 0.749288 0.061625
8 0.508547 0.077031 0.965812 0.067227
5 0.264957 0.228291 0.188034 0.061625
8 0.193732 0.228291 0.336182 0.067227
5 0.485755 0.379552 0.418803 0.061625
8 0.361823 0.379552 0.672365 0.067227
6 0.043447 0.562325 0.035613 0.035014
7 0.143162 0.565826 0.240741 0.047619
6 0.335470 0.562325 0.035613 0.035014
7 0.389601 0.565826 0.149573 0.047619
1 0.043447 0.713585 0.035613 0.035014
3 0.093305 0.713585 0.141026 0.040616
1 0.235755 0.713585 0.035613 0.035014
3 0.288462 0.717087 0.146724 0.047619
1 0.433761 0.713585 0.035613 0.035014
3 0.487892 0.713585 0.149573 0.040616
2 0.631054 0.889356 0.396011 0.084034
