0 0.209836 0.250605 0.360656 0.077482
4 0.209836 0.221550 0.367213 0.130751
0 0.252459 0.395884 0.445902 0.077482
4 0.252459 0.361985 0.452459 0.140436
2 0.057377 0.508475 0.055738 0.041162
5 0.195082 0.514528 0.337705 0.058111
2 0.454098 0.508475 0.055738 0.041162
5 0.619672 0.509685 0.393443 0.048426
3 0.057377 0.644068 0.055738 0.041162
6 0.213115 0.650121 0.373770 0.058111
3 0.490164 0.644068 0.055738 0.041162
6 0.568852 0.645278 0.219672 0.048426
1 0.740984 0.789346 0.163934 0.060533
