5 0.304668 0.099125 0.329238 0.061224
8 0.246929 0.099125 0.449631 0.067055
5 0.504914 0.206997 0.621622 0.061224
8 0.420147 0.206997 0.796069 0.067055
5 0.276413 0.314869 0.297297 0.061224
8 0.224816 0.314869 0.405405 0.067055
5 0.469287 0.422741 0.663391 0.061224
8 0.412776 0.422741 0.781327 0.067055
5 0.341523 0.530612 0.324324 0.061224
8 0.264128 0.530612 0.484029 0.067055
6 0.036855 0.622449 0.029484 0.034985
7 0.074939 0.623907 0.110565 0.043732
1 0.036855 0.730321 0.029484 0.034985
3 0.081081 0.731778 0.122850 0.043732
1 0.203931 0.730321 0.029484 0.034985
3 0.235872 0.731778 0.098280 0.043732
1 0.346437 0.730321 0.029484 0.034985
3 0.380835 0.731778 0.103194 0.043732
1 0.493857 0.730321 0.029484 0.034985
3 0.538084 0.731778 0.122850 0.043732
2 0.593366 0.857143 0.356265 0.072886
