0 0.343653 0.183333 0.631579 0.086667
4 0.343653 0.150000 0.637771 0.146667
0 0.246130 0.360000 0.436533 0.086667
4 0.246130 0.321667 0.442724 0.156667
6 0.049536 0.500000 0.043344 0.046667
7 0.122291 0.500000 0.195046 0.053333
6 0.300310 0.500000 0.043344 0.046667
7 0.422601 0.500000 0.294118 0.053333
1 0.049536 0.666667 0.043344 0.046667
3 0.151703 0.666667 0.253870 0.053333
1 0.359133 0.666667 0.043344 0.046667
3 0.431889 0.666667 0.195046 0.053333
2 0.800310 0.870000 0.207430 0.120000
