7 0.465659 0.182058 0.277473 0.050132
8 0.315934 0.182058 0.582418 0.055409
7 0.583791 0.250660 0.513736 0.050132
8 0.434066 0.250660 0.818681 0.055409
7 0.527473 0.319261 0.401099 0.050132
8 0.377747 0.319261 0.706044 0.055409
7 0.523352 0.387863 0.392857 0.050132
8 0.373626 0.387863 0.697802 0.055409
7 0.473901 0.456464 0.293956 0.050132
8 0.324176 0.456464 0.598901 0.055409
7 0.638736 0.525066 0.623626 0.050132
8 0.489011 0.525066 0.928571 0.055409
7 0.491758 0.593668 0.329670 0.050132
8 0.342033 0.593668 0.634615 0.055409
2 0.039835 0.649077 0.030220 0.029024
5 0.105769 0.649077 0.167582 0.034301
3 0.039835 0.717678 0.030220 0.029024
6 0.105769 0.717678 0.167582 0.034301
3 0.256868 0.717678 0.030220 0.029024
6 0.336538 0.720317 0.195055 0.039578
1 0.392857 0.815303 0.708791 0.087071
