0 0.181598 0.250000 0.319613 0.061497
4 0.181598 0.225936 0.324455 0.104278
0 0.438257 0.386364 0.832930 0.061497
4 0.438257 0.358289 0.837772 0.112299
6 0.036925 0.495321 0.030266 0.033422
7 0.107143 0.498663 0.175545 0.045455
6 0.256053 0.495321 0.030266 0.033422
7 0.300847 0.495321 0.124697 0.038770
6 0.424334 0.495321 0.030266 0.033422
7 0.498184 0.495321 0.182809 0.038770
6 0.650726 0.495321 0.030266 0.033422
7 0.718523 0.495321 0.170702 0.038770
1 0.036925 0.623663 0.030266 0.033422
3 0.114407 0.627005 0.190073 0.045455
1 0.270581 0.623663 0.030266 0.033422
3 0.306901 0.627005 0.107748 0.045455
1 0.421913 0.623663 0.030266 0.033422
3 0.473971 0.623663 0.139225 0.038770
2 0.449153 0.780749 0.234867 0.090909
