7 0.304533 0.080882 0.223796 0.066176
8 0.222380 0.080882 0.393768 0.071078
7 0.550992 0.181373 0.495751 0.066176
8 0.413598 0.181373 0.776204 0.071078
7 0.508499 0.281863 0.518414 0.066176
8 0.398017 0.281863 0.745042 0.071078
7 0.405099 0.382353 0.311615 0.066176
8 0.294618 0.382353 0.538244 0.071078
7 0.310198 0.482843 0.229462 0.066176
8 0.226629 0.482843 0.402266 0.071078
7 0.569405 0.583333 0.651558 0.066176
8 0.461756 0.583333 0.872521 0.071078
2 0.046742 0.666667 0.042493 0.036765
5 0.093484 0.669118 0.141643 0.046569
3 0.046742 0.767157 0.042493 0.036765
6 0.097734 0.767157 0.150142 0.041667
1 0.441926 0.887255 0.277620 0.075980
