0 0.351807 0.238916 0.660241 0.086207
4 0.351807 0.205665 0.665060 0.147783
0 0.271084 0.374384 0.498795 0.086207
4 0.271084 0.346059 0.503614 0.137931
6 0.043976 0.504310 0.044578 0.045567
7 0.094578 0.504310 0.150602 0.050493
6 0.237952 0.504310 0.044578 0.045567
7 0.351205 0.507389 0.275904 0.056650
6 0.557229 0.504310 0.044578 0.045567
7 0.646386 0.504310 0.227711 0.050493
1 0.043976 0.649631 0.044578 0.045567
3 0.136747 0.652709 0.234940 0.056650
1 0.322289 0.649631 0.044578 0.045567
3 0.366867 0.652709 0.138554 0.056650
2 0.134940 0.801724 0.115663 0.059113
