0 0.241325 0.262338 0.425868 0.077922
4 0.241325 0.237662 0.432177 0.122078
0 0.274448 0.389610 0.492114 0.077922
4 0.274448 0.364935 0.498423 0.122078
6 0.053628 0.501299 0.050473 0.041558
7 0.151420 0.501299 0.252366 0.046753
6 0.362776 0.501299 0.050473 0.041558
7 0.476341 0.501299 0.283912 0.046753
6 0.703470 0.501299 0.050473 0.041558
7 0.779180 0.501299 0.208202 0.046753
1 0.053628 0.628571 0.050473 0.041558
3 0.151420 0.628571 0.252366 0.046753
2 0.397476 0.768831 0.252366 0.067532
