0 0.376147 0.269697 0.697248 0.096970
4 0.376147 0.234848 0.703364 0.160606
6 0.053517 0.422727 0.051988 0.051515
7 0.103976 0.428788 0.159021 0.069697
6 0.267584 0.422727 0.051988 0.051515
7 0.406728 0.428788 0.336391 0.069697
6 0.659021 0.422727 0.051988 0.051515
7 0.750765 0.422727 0.241590 0.057576
1 0.053517 0.592424 0.051988 0.051515
3 0.183486 0.592424 0.318043 0.057576
1 0.426606 0.592424 0.051988 0.051515
3 0.519878 0.598485 0.244648 0.069697
1 0.726300 0.592424 0.051988 0.051515
3 0.776758 0.598485 0.159021 0.069697
2 0.417431 0.774242 0.535168 0.075758
