5 0.629080 0.135097 0.688427 0.055710
8 0.501484 0.135097 0.949555 0.061281
5 0.589021 0.266017 0.608309 0.055710
8 0.461424 0.266017 0.869436 0.061281
5 0.373887 0.396936 0.178042 0.055710
8 0.246291 0.396936 0.439169 0.061281
6 0.043769 0.555014 0.034125 0.032033
7 0.103116 0.555014 0.158754 0.037604
6 0.255935 0.555014 0.034125 0.032033
7 0.304896 0.557103 0.137982 0.041783
6 0.447329 0.555014 0.034125 0.032033
7 0.497774 0.555014 0.140950 0.037604
1 0.043769 0.685933 0.034125 0.032033
3 0.120920 0.685933 0.194362 0.037604
1 0.291543 0.685933 0.034125 0.032033
3 0.361276 0.685933 0.179525 0.037604
2 0.224036 0.831476 0.287834 0.061281
