0 0.237942 0.233425 0.160772 0.066298
4 0.173633 0.233425 0.295820 0.071823
0 0.331190 0.352210 0.360129 0.066298
4 0.270096 0.352210 0.488746 0.071823
6 0.049839 0.455801 0.041801 0.035912
7 0.114148 0.455801 0.176849 0.041436
6 0.284566 0.455801 0.041801 0.035912
7 0.339228 0.459945 0.157556 0.049724
6 0.500000 0.455801 0.041801 0.035912
7 0.578778 0.455801 0.205788 0.041436
1 0.049839 0.574586 0.041801 0.035912
3 0.131833 0.574586 0.212219 0.041436
1 0.319936 0.574586 0.041801 0.035912
3 0.397106 0.574586 0.202572 0.041436
2 0.400322 0.701657 0.209003 0.052486
