0 0.258197 0.165698 0.467213 0.087209
4 0.258197 0.136628 0.472678 0.139535
0 0.333333 0.316860 0.617486 0.087209
4 0.333333 0.283430 0.622951 0.148256
0 0.180328 0.459302 0.311475 0.087209
4 0.180328 0.425872 0.316940 0.148256
6 0.046448 0.575581 0.043716 0.046512
7 0.147541 0.577035 0.251366 0.055233
6 0.346995 0.575581 0.043716 0.046512
7 0.404372 0.575581 0.163934 0.052326
1 0.046448 0.718023 0.043716 0.046512
3 0.114754 0.718023 0.185792 0.052326
2 0.581967 0.867733 0.273224 0.061047
