7 0.593421 0.125000 0.492105 0.073529
8 0.432895 0.125000 0.818421 0.078431
7 0.550000 0.262255 0.405263 0.073529
8 0.389474 0.262255 0.731579 0.078431
7 0.647368 0.399510 0.600000 0.073529
8 0.486842 0.399510 0.926316 0.078431
2 0.045395 0.517770 0.043421 0.040441
5 0.155921 0.524510 0.269737 0.058824
2 0.362500 0.517770 0.043421 0.040441
5 0.495395 0.519608 0.314474 0.049020
2 0.724342 0.517770 0.043421 0.040441
5 0.804605 0.519608 0.209211 0.049020
3 0.045395 0.655025 0.043421 0.040441
6 0.113816 0.661765 0.185526 0.058824
3 0.278289 0.655025 0.043421 0.040441
6 0.334868 0.661765 0.161842 0.058824
3 0.487500 0.655025 0.043421 0.040441
6 0.544079 0.661765 0.161842 0.058824
1 0.239474 0.816176 0.200000 0.088235
