0 0.583072 0.235736 0.438871 0.102102
4 0.415361 0.235736 0.780564 0.108108
6 0.056426 0.367868 0.056426 0.054054
7 0.206897 0.381381 0.363636 0.087087
6 0.476489 0.367868 0.056426 0.054054
7 0.539185 0.373874 0.188088 0.072072
1 0.056426 0.524024 0.056426 0.054054
3 0.123824 0.530030 0.197492 0.072072
1 0.310345 0.524024 0.056426 0.054054
3 0.427900 0.537538 0.297806 0.087087
1 0.664577 0.524024 0.056426 0.054054
3 0.786834 0.537538 0.307210 0.087087
2 0.603448 0.690691 0.103448 0.075075
