0 0.099071 0.150124 0.142415 0.047146
4 0.099071 0.129032 0.148607 0.084367
0 0.246130 0.274194 0.436533 0.047146
4 0.246130 0.249380 0.442724 0.091811
0 0.187307 0.383375 0.318885 0.047146
4 0.187307 0.362283 0.325077 0.084367
0 0.287926 0.500000 0.520124 0.047146
4 0.287926 0.478908 0.526316 0.084367
6 0.044118 0.608561 0.032508 0.026055
7 0.110681 0.609181 0.171827 0.032258
6 0.271672 0.608561 0.032508 0.026055
7 0.316563 0.612903 0.128483 0.039702
6 0.455882 0.608561 0.032508 0.026055
7 0.516254 0.609181 0.159443 0.032258
1 0.044118 0.725186 0.032508 0.026055
3 0.119969 0.729529 0.190402 0.039702
1 0.290248 0.725186 0.032508 0.026055
3 0.325851 0.729529 0.109907 0.039702
1 0.455882 0.725186 0.032508 0.026055
3 0.491486 0.729529 0.109907 0.039702
2 0.503096 0.852357 0.616099 0.047146
