5 0.412718 0.087302 0.506234 0.063492
8 0.345387 0.087302 0.645885 0.068783
5 0.591022 0.214286 0.708229 0.063492
8 0.485037 0.214286 0.925187 0.068783
5 0.379052 0.341270 0.319202 0.063492
8 0.281796 0.341270 0.518703 0.068783
5 0.320449 0.468254 0.361596 0.063492
8 0.263092 0.468254 0.481297 0.068783
6 0.039277 0.578704 0.033666 0.035714
7 0.086658 0.579365 0.133416 0.042328
6 0.217581 0.578704 0.033666 0.035714
7 0.302369 0.579365 0.208229 0.042328
1 0.039277 0.705688 0.033666 0.035714
3 0.114090 0.705688 0.188279 0.041005
1 0.272444 0.705688 0.033666 0.035714
3 0.370948 0.706349 0.235661 0.042328
1 0.552993 0.705688 0.033666 0.035714
3 0.651496 0.706349 0.235661 0.042328
2 0.594763 0.861111 0.241895 0.092593
