0 0.195596 0.151297 0.344560 0.063401
4 0.195596 0.129683 0.349741 0.100865
0 0.217617 0.295389 0.388601 0.063401
4 0.217617 0.270893 0.393782 0.106628
0 0.270725 0.427954 0.494819 0.063401
4 0.270725 0.406340 0.500000 0.100865
2 0.038860 0.551873 0.031088 0.034582
5 0.106218 0.551873 0.170984 0.040346
3 0.038860 0.690202 0.031088 0.034582
6 0.077720 0.690202 0.113990 0.040346
3 0.199482 0.690202 0.031088 0.034582
6 0.235751 0.690202 0.108808 0.040346
3 0.354922 0.690202 0.031088 0.034582
6 0.388601 0.690202 0.103627 0.040346
1 0.401554 0.860231 0.113990 0.097983
