0 0.393421 0.254967 0.186842 0.072848
4 0.255263 0.254967 0.468421 0.079470
0 0.575000 0.347682 0.555263 0.072848
4 0.438158 0.347682 0.834211 0.079470
0 0.544737 0.440397 0.526316 0.072848
4 0.415789 0.440397 0.789474 0.079470
6 0.039474 0.516556 0.031579 0.039735
7 0.130263 0.516556 0.218421 0.046358
6 0.305263 0.516556 0.031579 0.039735
7 0.402632 0.516556 0.231579 0.046358
6 0.584211 0.516556 0.031579 0.039735
7 0.628947 0.519868 0.126316 0.052980
1 0.039474 0.609272 0.031579 0.039735
3 0.077632 0.612583 0.113158 0.052980
1 0.200000 0.609272 0.031579 0.039735
3 0.235526 0.612583 0.107895 0.052980
1 0.355263 0.609272 0.031579 0.039735
3 0.452632 0.609272 0.231579 0.046358
2 0.752632 0.733444 0.121053 0.102649
