5 0.291916 0.089905 0.176647 0.094637
8 0.205090 0.089905 0.356287 0.100946
5 0.528443 0.272871 0.649701 0.094637
8 0.441617 0.272871 0.829341 0.100946
6 0.051647 0.497634 0.049401 0.052050
7 0.116018 0.501577 0.184132 0.066246
6 0.289671 0.497634 0.049401 0.052050
7 0.360030 0.501577 0.196108 0.066246
1 0.051647 0.680599 0.049401 0.052050
3 0.171407 0.684543 0.294910 0.066246
1 0.400449 0.680599 0.049401 0.052050
3 0.505240 0.680599 0.264970 0.058360
2 0.353293 0.883281 0.341317 0.091483
