5 0.532663 0.095297 0.804020 0.056931
8 0.479899 0.095297 0.914573 0.061881
5 0.599246 0.219059 0.786432 0.056931
8 0.508794 0.219059 0.972362 0.061881
5 0.373116 0.342822 0.354271 0.056931
8 0.287688 0.342822 0.530151 0.061881
5 0.541457 0.466584 0.771357 0.056931
8 0.476131 0.466584 0.907035 0.061881
6 0.038945 0.575495 0.032663 0.032178
7 0.081658 0.575495 0.123116 0.037129
6 0.207286 0.575495 0.032663 0.032178
7 0.243719 0.577970 0.110553 0.042079
1 0.038945 0.699257 0.032663 0.032178
3 0.106784 0.699257 0.173367 0.037129
1 0.257538 0.699257 0.032663 0.032178
3 0.331658 0.699257 0.185930 0.037129
1 0.488693 0.699257 0.032663 0.032178
3 0.545226 0.699257 0.150754 0.037129
2 0.359296 0.831683 0.386935 0.049505
