7 0.593548 0.232376 0.554839 0.080940
8 0.451613 0.232376 0.845161 0.086162
2 0.056452 0.365535 0.054839 0.044386
5 0.174194 0.365535 0.296774 0.049608
2 0.411290 0.365535 0.054839 0.044386
5 0.469355 0.369452 0.177419 0.057441
2 0.646774 0.365535 0.054839 0.044386
5 0.787097 0.369452 0.341935 0.057441
3 0.056452 0.519582 0.054839 0.044386
6 0.119355 0.523499 0.187097 0.057441
3 0.301613 0.519582 0.054839 0.044386
6 0.416129 0.519582 0.290323 0.049608
3 0.650000 0.519582 0.054839 0.044386
6 0.783871 0.523499 0.329032 0.057441
1 0.253226 0.689295 0.280645 0.075718
