0 0.221053 0.188571 0.394737 0.062857
4 0.221053 0.162857 0.400000 0.108571
0 0.276316 0.337143 0.505263 0.062857
4 0.276316 0.314286 0.510526 0.102857
6 0.039474 0.477143 0.031579 0.034286
7 0.089474 0.477143 0.136842 0.040000
6 0.223684 0.477143 0.031579 0.034286
7 0.275000 0.477143 0.139474 0.040000
1 0.039474 0.631429 0.031579 0.034286
3 0.068421 0.631429 0.094737 0.040000
1 0.181579 0.631429 0.031579 0.034286
3 0.246053 0.631429 0.165789 0.040000
2 0.676316 0.807143 0.426316 0.077143
