0 0.201657 0.107843 0.353591 0.044118
4 0.201657 0.090686 0.359116 0.073529
0 0.430939 0.205882 0.812155 0.044118
4 0.430939 0.188725 0.817680 0.073529
0 0.161602 0.303922 0.273481 0.044118
4 0.161602 0.286765 0.279006 0.073529
0 0.085635 0.401961 0.121547 0.044118
4 0.085635 0.384804 0.127072 0.073529
0 0.248619 0.504902 0.447514 0.044118
4 0.248619 0.485294 0.453039 0.078431
0 0.133978 0.598039 0.218232 0.044118
4 0.133978 0.580882 0.223757 0.073529
2 0.038674 0.686275 0.027624 0.024510
5 0.077348 0.686275 0.110497 0.029412
2 0.198895 0.686275 0.027624 0.024510
5 0.252762 0.686275 0.140884 0.029412
3 0.038674 0.784314 0.027624 0.024510
6 0.107735 0.784314 0.171271 0.029412
3 0.259669 0.784314 0.027624 0.024510
6 0.291436 0.784314 0.096685 0.029412
3 0.406077 0.784314 0.027624 0.024510
6 0.475138 0.784314 0.171271 0.029412
1 0.310773 0.897059 0.544199 0.053922
