7 0.314417 0.119205 0.180982 0.072848
8 0.217791 0.119205 0.380368 0.079470
7 0.616564 0.258278 0.680982 0.072848
8 0.493865 0.258278 0.932515 0.079470
7 0.452454 0.397351 0.377301 0.072848
8 0.335890 0.397351 0.616564 0.079470
2 0.046779 0.576987 0.038344 0.041391
5 0.143405 0.582781 0.237730 0.059603
2 0.339724 0.576987 0.038344 0.041391
5 0.476227 0.582781 0.317485 0.059603
3 0.046779 0.716060 0.038344 0.041391
6 0.183282 0.721854 0.317485 0.059603
3 0.419479 0.716060 0.038344 0.041391
6 0.508436 0.716887 0.222393 0.049669
1 0.639571 0.877483 0.205521 0.086093
