0 0.119110 0.167224 0.191099 0.100334
4 0.119110 0.132107 0.196335 0.163880
0 0.340314 0.357860 0.633508 0.100334
4 0.340314 0.316054 0.638743 0.177258
6 0.044503 0.505017 0.041885 0.053512
7 0.141361 0.505017 0.240838 0.060201
6 0.332461 0.505017 0.041885 0.053512
7 0.391361 0.505017 0.164921 0.060201
6 0.544503 0.505017 0.041885 0.053512
7 0.603403 0.505017 0.164921 0.060201
1 0.044503 0.682274 0.041885 0.053512
3 0.090314 0.687291 0.138743 0.070234
1 0.230366 0.682274 0.041885 0.053512
3 0.268325 0.687291 0.123037 0.070234
2 0.670157 0.892977 0.125654 0.120401
