5 0.641026 0.120735 0.630769 0.081365
8 0.491026 0.120735 0.935897 0.086614
5 0.420513 0.288714 0.482051 0.081365
8 0.343590 0.288714 0.641026 0.086614
6 0.044872 0.435696 0.043590 0.044619
7 0.148718 0.446194 0.256410 0.070866
6 0.347436 0.435696 0.043590 0.044619
7 0.406410 0.439633 0.166667 0.057743
6 0.560256 0.435696 0.043590 0.044619
7 0.679487 0.439633 0.287179 0.057743
1 0.044872 0.603675 0.043590 0.044619
3 0.134615 0.614173 0.228205 0.070866
1 0.319231 0.603675 0.043590 0.044619
3 0.429487 0.614173 0.269231 0.070866
2 0.780769 0.784777 0.161538 0.070866
