0 0.330838 0.178571 0.607784 0.119048
4 0.330838 0.139456 0.613772 0.190476
2 0.054641 0.381803 0.055389 0.062925
5 0.122006 0.381803 0.196108 0.069728
2 0.304641 0.381803 0.055389 0.062925
5 0.375000 0.386054 0.202096 0.078231
2 0.560629 0.381803 0.055389 0.062925
5 0.619012 0.386054 0.178144 0.078231
3 0.054641 0.606293 0.055389 0.062925
6 0.130988 0.610544 0.214072 0.078231
3 0.322605 0.606293 0.055389 0.062925
6 0.431886 0.610544 0.279940 0.078231
3 0.656437 0.606293 0.055389 0.062925
6 0.764222 0.606293 0.276946 0.069728
1 0.685629 0.857143 0.413174 0.115646
