0 0.572531 0.181944 0.391975 0.091667
4 0.398148 0.181944 0.746914 0.097222
0 0.617284 0.326389 0.469136 0.091667
4 0.439815 0.326389 0.830247 0.097222
6 0.054784 0.449306 0.054012 0.048611
7 0.162809 0.449306 0.276235 0.054167
6 0.386574 0.449306 0.054012 0.048611
7 0.479167 0.449306 0.245370 0.054167
6 0.687500 0.449306 0.054012 0.048611
7 0.755401 0.449306 0.195988 0.054167
1 0.054784 0.593750 0.054012 0.048611
3 0.122685 0.593750 0.195988 0.054167
1 0.306327 0.593750 0.054012 0.048611
3 0.414352 0.593750 0.276235 0.054167
1 0.638117 0.593750 0.054012 0.048611
3 0.750772 0.593750 0.285494 0.054167
2 0.612654 0.745833 0.379630 0.063889
