0 0.284264 0.083969 0.116751 0.045802
4 0.182741 0.083969 0.324873 0.050891
0 0.474619 0.208651 0.538071 0.045802
4 0.383249 0.208651 0.725888 0.050891
0 0.621827 0.333333 0.766497 0.045802
4 0.513959 0.333333 0.987310 0.050891
0 0.437817 0.458015 0.428934 0.045802
4 0.337563 0.458015 0.634518 0.050891
6 0.035533 0.572519 0.025381 0.025445
7 0.098985 0.572519 0.157360 0.030534
6 0.238579 0.572519 0.025381 0.025445
7 0.302030 0.572519 0.157360 0.030534
1 0.035533 0.697201 0.025381 0.025445
3 0.072335 0.697201 0.104061 0.030534
1 0.185279 0.697201 0.025381 0.025445
3 0.215736 0.697201 0.091371 0.030534
1 0.322335 0.697201 0.025381 0.025445
3 0.381980 0.697201 0.149746 0.030534
2 0.492386 0.842239 0.355330 0.066158
