0 0.194103 0.163158 0.343980 0.047368
4 0.194103 0.142105 0.348894 0.084211
0 0.175676 0.294737 0.307125 0.047368
4 0.175676 0.273684 0.312039 0.084211
0 0.227273 0.421053 0.410319 0.047368
4 0.227273 0.402632 0.415233 0.078947
6 0.034398 0.542105 0.024570 0.026316
7 0.068796 0.542105 0.098280 0.031579
6 0.176904 0.542105 0.024570 0.026316
7 0.211302 0.542105 0.098280 0.031579
1 0.034398 0.673684 0.024570 0.026316
3 0.068796 0.673684 0.098280 0.031579
1 0.176904 0.673684 0.024570 0.026316
3 0.242015 0.673684 0.159705 0.031579
1 0.380835 0.673684 0.024570 0.026316
3 0.449631 0.673684 0.167076 0.031579
1 0.592138 0.673684 0.024570 0.026316
3 0.642506 0.673684 0.130221 0.031579
2 0.273956 0.822368 0.164619 0.060526
