0 0.512000 0.183099 0.325333 0.090141
4 0.349333 0.183099 0.656000 0.095775
0 0.480000 0.326761 0.197333 0.090141
4 0.301333 0.326761 0.560000 0.095775
6 0.046667 0.449296 0.045333 0.047887
7 0.110667 0.450704 0.178667 0.056338
1 0.046667 0.592958 0.045333 0.047887
3 0.157333 0.594366 0.272000 0.056338
1 0.366667 0.592958 0.045333 0.047887
3 0.422667 0.594366 0.162667 0.056338
1 0.577333 0.592958 0.045333 0.047887
3 0.657333 0.594366 0.210667 0.056338
2 0.697333 0.754930 0.376000 0.084507
