0 0.073935 0.160920 0.102757 0.057471
4 0.073935 0.139368 0.107769 0.094828
0 0.362155 0.281609 0.679198 0.057471
4 0.362155 0.257184 0.684211 0.100575
0 0.215539 0.396552 0.385965 0.057471
4 0.215539 0.372126 0.390977 0.100575
0 0.304511 0.505747 0.563910 0.057471
4 0.304511 0.484195 0.568922 0.094828
6 0.036341 0.607759 0.027569 0.031609
7 0.101504 0.607759 0.162907 0.037356
1 0.036341 0.722701 0.027569 0.031609
3 0.110276 0.722701 0.180451 0.037356
1 0.261905 0.722701 0.027569 0.031609
3 0.335840 0.722701 0.180451 0.037356
2 0.359649 0.850575 0.408521 0.057471
