0 0.371324 0.144578 0.698529 0.054217
4 0.371324 0.120482 0.703431 0.096386
0 0.214461 0.250000 0.384804 0.054217
4 0.214461 0.225904 0.389706 0.096386
0 0.300245 0.349398 0.556373 0.054217
4 0.300245 0.328313 0.561275 0.090361
0 0.348039 0.454819 0.651961 0.054217
4 0.348039 0.433735 0.656863 0.090361
0 0.262255 0.566265 0.480392 0.054217
4 0.262255 0.542169 0.485294 0.096386
6 0.034314 0.653614 0.024510 0.030120
7 0.066176 0.653614 0.093137 0.036145
1 0.034314 0.759036 0.024510 0.030120
3 0.058824 0.759036 0.078431 0.036145
2 0.357843 0.881024 0.240196 0.063253
