5 0.506427 0.111511 0.493573 0.064748
8 0.389460 0.111511 0.732648 0.071942
5 0.606684 0.251799 0.694087 0.064748
8 0.489717 0.251799 0.933162 0.071942
5 0.511568 0.392086 0.503856 0.064748
8 0.394602 0.392086 0.742931 0.071942
6 0.036632 0.515288 0.026992 0.037770
7 0.103470 0.515288 0.165810 0.044964
6 0.248715 0.515288 0.026992 0.037770
7 0.310411 0.515288 0.155527 0.044964
1 0.036632 0.655576 0.026992 0.037770
3 0.070051 0.655576 0.098972 0.044964
1 0.181877 0.655576 0.026992 0.037770
3 0.216581 0.660072 0.101542 0.053957
1 0.329692 0.655576 0.026992 0.037770
3 0.391388 0.655576 0.155527 0.044964
2 0.730077 0.829137 0.293059 0.104317
