0 0.194517 0.150146 0.342037 0.067055
4 0.194517 0.118076 0.347258 0.125364
0 0.207572 0.266764 0.368146 0.067055
4 0.207572 0.239067 0.373368 0.116618
0 0.304178 0.400875 0.561358 0.067055
4 0.304178 0.368805 0.566580 0.125364
0 0.407311 0.517493 0.767624 0.067055
4 0.407311 0.489796 0.772846 0.116618
6 0.039817 0.630466 0.032637 0.036443
7 0.116841 0.631195 0.191906 0.043732
6 0.278721 0.630466 0.032637 0.036443
7 0.327023 0.631195 0.134465 0.043732
6 0.460183 0.630466 0.032637 0.036443
7 0.537206 0.631195 0.191906 0.043732
1 0.039817 0.755831 0.032637 0.036443
3 0.116841 0.760933 0.191906 0.052478
1 0.278721 0.755831 0.032637 0.036443
3 0.329634 0.760933 0.139687 0.052478
2 0.614883 0.889213 0.514360 0.052478
