0 0.476584 0.162671 0.369146 0.085616
4 0.342975 0.162671 0.641873 0.092466
6 0.043388 0.331336 0.037190 0.046233
7 0.109504 0.331336 0.174931 0.053082
6 0.267906 0.331336 0.037190 0.046233
7 0.306474 0.331336 0.119835 0.053082
6 0.437328 0.331336 0.037190 0.046233
7 0.529614 0.331336 0.227273 0.053082
1 0.043388 0.519692 0.037190 0.046233
3 0.119146 0.519692 0.194215 0.053082
1 0.287190 0.519692 0.037190 0.046233
3 0.353306 0.519692 0.174931 0.053082
2 0.477961 0.738014 0.487603 0.106164
