5 0.495562 0.156010 0.316568 0.063939
8 0.341716 0.156010 0.630178 0.069054
5 0.476331 0.281330 0.278107 0.063939
8 0.322485 0.281330 0.591716 0.069054
5 0.488166 0.406650 0.301775 0.063939
8 0.334320 0.406650 0.615385 0.069054
6 0.047337 0.561381 0.041420 0.035806
7 0.134615 0.561381 0.221893 0.040921
6 0.322485 0.561381 0.041420 0.035806
7 0.415680 0.561381 0.233728 0.040921
6 0.609467 0.561381 0.041420 0.035806
7 0.730769 0.561381 0.289941 0.040921
1 0.047337 0.686701 0.041420 0.035806
3 0.134615 0.686701 0.221893 0.040921
1 0.322485 0.686701 0.041420 0.035806
3 0.409763 0.686701 0.221893 0.040921
2 0.267751 0.824808 0.405325 0.061381
