7 0.321149 0.105114 0.214099 0.051136
8 0.227154 0.105114 0.407311 0.056818
7 0.522193 0.210227 0.616188 0.051136
8 0.428198 0.210227 0.809399 0.056818
7 0.265013 0.315341 0.101828 0.051136
8 0.171018 0.315341 0.295039 0.056818
7 0.454308 0.420455 0.480418 0.051136
8 0.360313 0.420455 0.673629 0.056818
7 0.293734 0.525568 0.159269 0.051136
8 0.199739 0.525568 0.352480 0.056818
2 0.037206 0.617188 0.027415 0.029830
5 0.092037 0.617188 0.142298 0.035511
2 0.226501 0.617188 0.027415 0.029830
5 0.277415 0.617188 0.134465 0.035511
3 0.037206 0.722301 0.027415 0.029830
6 0.088120 0.722301 0.134465 0.035511
3 0.218668 0.722301 0.027415 0.029830
6 0.269582 0.722301 0.134465 0.035511
1 0.425587 0.849432 0.626632 0.073864
