5 0.524129 0.154192 0.694370 0.056886
8 0.449062 0.154192 0.849866 0.062874
5 0.477212 0.303892 0.643432 0.056886
8 0.412869 0.303892 0.777480 0.062874
6 0.038874 0.438623 0.029491 0.032934
7 0.095174 0.438623 0.147453 0.038922
6 0.234584 0.438623 0.029491 0.032934
7 0.273458 0.438623 0.112601 0.038922
6 0.395442 0.438623 0.029491 0.032934
7 0.434316 0.438623 0.112601 0.038922
1 0.038874 0.588323 0.029491 0.032934
3 0.068365 0.589820 0.093834 0.041916
2 0.856568 0.770958 0.163539 0.098802
