0 0.565934 0.176399 0.368132 0.075426
4 0.387363 0.176399 0.730769 0.080292
0 0.462912 0.319951 0.206044 0.075426
4 0.295330 0.319951 0.546703 0.080292
2 0.047390 0.445864 0.045330 0.040146
5 0.131181 0.445864 0.218407 0.045012
2 0.315247 0.445864 0.045330 0.040146
5 0.367445 0.445864 0.155220 0.045012
3 0.047390 0.589416 0.045330 0.040146
6 0.092720 0.590024 0.141484 0.046229
3 0.238324 0.589416 0.045330 0.040146
6 0.287775 0.589416 0.149725 0.045012
1 0.284341 0.737226 0.332418 0.048662
