0 0.513846 0.120588 0.449231 0.076471
4 0.383077 0.120588 0.716923 0.082353
0 0.384615 0.258824 0.276923 0.076471
4 0.275385 0.258824 0.501538 0.082353
0 0.601538 0.397059 0.827692 0.076471
4 0.521538 0.397059 0.993846 0.082353
6 0.049231 0.517647 0.043077 0.041176
7 0.164615 0.517647 0.280000 0.047059
6 0.384615 0.517647 0.043077 0.041176
7 0.472308 0.517647 0.224615 0.047059
6 0.664615 0.517647 0.043077 0.041176
7 0.749231 0.517647 0.218462 0.047059
1 0.049231 0.655882 0.043077 0.041176
3 0.132308 0.655882 0.215385 0.047059
1 0.320000 0.655882 0.043077 0.041176
3 0.409231 0.657353 0.227692 0.050000
1 0.603077 0.655882 0.043077 0.041176
3 0.684615 0.655882 0.212308 0.047059
2 0.321538 0.813235 0.415385 0.079412
