0 0.514785 0.112813 0.556452 0.077994
4 0.408602 0.112813 0.774194 0.083565
0 0.458333 0.218663 0.325269 0.077994
4 0.322581 0.218663 0.602151 0.083565
0 0.448925 0.324513 0.602151 0.077994
4 0.387097 0.324513 0.731183 0.083565
0 0.489247 0.430362 0.403226 0.077994
4 0.357527 0.430362 0.672043 0.083565
0 0.314516 0.536212 0.306452 0.077994
4 0.245968 0.536212 0.448925 0.083565
6 0.044355 0.623955 0.040323 0.041783
7 0.137097 0.623955 0.231183 0.047354
6 0.323925 0.623955 0.040323 0.041783
7 0.436828 0.623955 0.271505 0.047354
1 0.044355 0.729805 0.040323 0.041783
3 0.131720 0.729805 0.220430 0.047354
2 0.577957 0.859331 0.559140 0.089136
