7 0.509511 0.184539 0.513587 0.079800
8 0.396739 0.184539 0.744565 0.084788
7 0.391304 0.326683 0.277174 0.079800
8 0.278533 0.326683 0.508152 0.084788
2 0.048234 0.500623 0.047554 0.043641
5 0.109375 0.500623 0.175272 0.048628
2 0.272418 0.500623 0.047554 0.043641
5 0.334918 0.500623 0.177989 0.048628
2 0.499321 0.500623 0.047554 0.043641
5 0.588995 0.500623 0.232337 0.048628
3 0.048234 0.642768 0.047554 0.043641
6 0.094429 0.644638 0.145380 0.052369
3 0.242527 0.642768 0.047554 0.043641
6 0.295516 0.642768 0.158967 0.048628
1 0.455163 0.801746 0.334239 0.077307
