5 0.545031 0.123529 0.605590 0.094118
8 0.439441 0.123529 0.822981 0.100000
5 0.395963 0.229412 0.363354 0.094118
8 0.304348 0.229412 0.552795 0.100000
5 0.321429 0.335294 0.183230 0.094118
8 0.222050 0.335294 0.388199 0.100000
5 0.392857 0.441176 0.375776 0.094118
8 0.305901 0.441176 0.555901 0.100000
5 0.565217 0.547059 0.521739 0.094118
8 0.428571 0.547059 0.801242 0.100000
6 0.055124 0.628676 0.054348 0.051471
7 0.165373 0.628676 0.281056 0.057353
6 0.392081 0.628676 0.054348 0.051471
7 0.447981 0.632353 0.172360 0.064706
1 0.055124 0.734559 0.054348 0.051471
3 0.179348 0.734559 0.309006 0.057353
2 0.596273 0.850000 0.111801 0.070588
