0 0.346354 0.204871 0.645833 0.063037
4 0.346354 0.179083 0.651042 0.108883
0 0.156250 0.328080 0.265625 0.063037
4 0.156250 0.302292 0.270833 0.108883
0 0.252604 0.459885 0.458333 0.063037
4 0.252604 0.429799 0.463542 0.117479
6 0.039062 0.563037 0.031250 0.034384
7 0.078125 0.563037 0.114583 0.040115
6 0.200521 0.563037 0.031250 0.034384
7 0.294271 0.563037 0.223958 0.040115
6 0.471354 0.563037 0.031250 0.034384
7 0.565104 0.563037 0.223958 0.040115
1 0.039062 0.686246 0.031250 0.034384
3 0.118490 0.686246 0.195312 0.040115
1 0.281250 0.686246 0.031250 0.034384
3 0.360677 0.686246 0.195312 0.040115
2 0.446615 0.839542 0.403646 0.094556
