5 0.402477 0.087871 0.452012 0.059406
8 0.329721 0.087871 0.603715 0.064356
5 0.442724 0.214109 0.427245 0.059406
8 0.343653 0.214109 0.631579 0.064356
5 0.530960 0.340347 0.708978 0.059406
8 0.458204 0.340347 0.860681 0.064356
5 0.569659 0.466584 0.600619 0.059406
8 0.450464 0.466584 0.845201 0.064356
6 0.048762 0.577351 0.041796 0.033416
7 0.147833 0.577351 0.246130 0.038366
1 0.048762 0.703589 0.041796 0.033416
3 0.119969 0.703589 0.190402 0.038366
1 0.294892 0.703589 0.041796 0.033416
3 0.342879 0.703589 0.143963 0.038366
1 0.494582 0.703589 0.041796 0.033416
3 0.565789 0.703589 0.190402 0.038366
2 0.800310 0.839109 0.145511 0.051980
