0 0.576816 0.121519 0.421788 0.081013
4 0.406425 0.121519 0.768156 0.086076
0 0.604749 0.240506 0.410615 0.081013
4 0.417598 0.240506 0.790503 0.086076
0 0.554469 0.359494 0.326816 0.081013
4 0.371508 0.359494 0.698324 0.086076
0 0.565642 0.478481 0.371508 0.081013
4 0.388268 0.478481 0.731844 0.086076
6 0.048883 0.578481 0.047486 0.043038
7 0.101955 0.582278 0.159218 0.055696
6 0.258380 0.578481 0.047486 0.043038
7 0.310056 0.582278 0.156425 0.055696
1 0.048883 0.697468 0.047486 0.043038
3 0.145251 0.701266 0.245810 0.055696
1 0.344972 0.697468 0.047486 0.043038
3 0.410615 0.701266 0.184358 0.055696
1 0.579609 0.697468 0.047486 0.043038
3 0.631285 0.707595 0.156425 0.068354
2 0.277933 0.829114 0.237430 0.068354
