5 0.416867 0.189591 0.385542 0.092937
8 0.316867 0.189591 0.590361 0.100372
6 0.038554 0.343866 0.033735 0.052045
7 0.142169 0.343866 0.245783 0.059480
6 0.327711 0.343866 0.033735 0.052045
7 0.367470 0.349442 0.118072 0.070632
6 0.489157 0.343866 0.033735 0.052045
7 0.528916 0.349442 0.118072 0.070632
1 0.038554 0.522305 0.033735 0.052045
3 0.134940 0.527881 0.231325 0.070632
1 0.313253 0.522305 0.033735 0.052045
3 0.353012 0.527881 0.118072 0.070632
1 0.474699 0.522305 0.033735 0.052045
3 0.578313 0.522305 0.245783 0.059480
2 0.577108 0.736059 0.600000 0.122677
