0 0.370886 0.142570 0.382278 0.076305
4 0.292405 0.142570 0.544304 0.084337
0 0.441772 0.299197 0.539241 0.076305
4 0.367089 0.299197 0.693671 0.084337
6 0.036076 0.438755 0.026582 0.042169
7 0.063924 0.441767 0.087342 0.056225
6 0.168987 0.438755 0.026582 0.042169
7 0.228481 0.438755 0.150633 0.050201
6 0.365190 0.438755 0.026582 0.042169
7 0.396835 0.441767 0.094937 0.056225
1 0.036076 0.595382 0.026582 0.042169
3 0.103165 0.598394 0.165823 0.056225
2 0.512658 0.767068 0.382278 0.072289
