5 0.481061 0.164345 0.628788 0.080780
8 0.410354 0.164345 0.775253 0.086351
5 0.560606 0.314763 0.545455 0.080780
8 0.429293 0.314763 0.813131 0.086351
6 0.042929 0.505571 0.040404 0.044568
7 0.132576 0.505571 0.224747 0.050139
6 0.313131 0.505571 0.040404 0.044568
7 0.401515 0.505571 0.222222 0.050139
1 0.042929 0.655989 0.040404 0.044568
3 0.138889 0.655989 0.237374 0.050139
1 0.325758 0.655989 0.040404 0.044568
3 0.449495 0.655989 0.292929 0.050139
2 0.742424 0.813370 0.353535 0.058496
