0 0.105960 0.178474 0.152318 0.087193
4 0.105960 0.145777 0.158940 0.147139
0 0.264901 0.347411 0.470199 0.087193
4 0.264901 0.314714 0.476821 0.147139
6 0.057947 0.501362 0.056291 0.046322
7 0.122517 0.502725 0.192053 0.054496
1 0.057947 0.670300 0.056291 0.046322
3 0.165563 0.671662 0.278146 0.054496
1 0.395695 0.670300 0.056291 0.046322
3 0.501656 0.671662 0.274834 0.054496
1 0.730132 0.670300 0.056291 0.046322
3 0.796358 0.671662 0.195364 0.054496
2 0.258278 0.856948 0.119205 0.081744
