0 0.187135 0.203081 0.321637 0.075630
4 0.187135 0.173669 0.327485 0.128852
0 0.143275 0.348739 0.233918 0.075630
4 0.143275 0.323529 0.239766 0.120448
6 0.047515 0.488095 0.042398 0.040616
7 0.091374 0.488095 0.135965 0.046218
1 0.047515 0.642157 0.042398 0.040616
3 0.103070 0.642157 0.159357 0.046218
1 0.259503 0.642157 0.042398 0.040616
3 0.310673 0.642157 0.150585 0.046218
1 0.462719 0.642157 0.042398 0.040616
3 0.551901 0.642157 0.226608 0.046218
2 0.396199 0.809524 0.470760 0.067227
