7 0.652308 0.076923 0.566154 0.068681
8 0.483077 0.076923 0.910769 0.074176
7 0.663077 0.178571 0.587692 0.068681
8 0.493846 0.178571 0.932308 0.074176
7 0.661538 0.280220 0.584615 0.068681
8 0.492308 0.280220 0.929231 0.074176
7 0.475385 0.381868 0.212308 0.068681
8 0.306154 0.381868 0.556923 0.074176
7 0.655385 0.483516 0.572308 0.068681
8 0.486154 0.483516 0.916923 0.074176
7 0.469231 0.585165 0.200000 0.068681
8 0.300000 0.585165 0.544615 0.074176
2 0.049231 0.668956 0.043077 0.038462
5 0.135385 0.668956 0.221538 0.043956
2 0.326154 0.668956 0.043077 0.038462
5 0.407692 0.668956 0.212308 0.043956
3 0.049231 0.770604 0.043077 0.038462
6 0.093846 0.770604 0.138462 0.043956
3 0.243077 0.770604 0.043077 0.038462
6 0.287692 0.770604 0.138462 0.043956
1 0.672308 0.894231 0.526154 0.082418
