0 0.644231 0.086149 0.532051 0.111486
4 0.469551 0.086149 0.887821 0.118243
0 0.645833 0.241554 0.490385 0.111486
4 0.459936 0.241554 0.868590 0.118243
0 0.554487 0.396959 0.314103 0.111486
4 0.370192 0.396959 0.689103 0.118243
6 0.056891 0.526182 0.056090 0.059122
7 0.177083 0.533784 0.302885 0.081081
6 0.417468 0.526182 0.056090 0.059122
7 0.520032 0.527027 0.267628 0.067568
1 0.056891 0.681588 0.056090 0.059122
3 0.169071 0.689189 0.286859 0.081081
1 0.401442 0.681588 0.056090 0.059122
3 0.547276 0.682432 0.354167 0.067568
2 0.552885 0.851351 0.407051 0.087838
