7 0.476048 0.096306 0.407186 0.060686
8 0.354790 0.096306 0.655689 0.065963
7 0.386228 0.220317 0.407186 0.060686
8 0.309880 0.220317 0.565868 0.065963
7 0.494012 0.344327 0.413174 0.060686
8 0.365269 0.344327 0.676647 0.065963
7 0.585329 0.468338 0.607784 0.060686
8 0.459581 0.468338 0.865269 0.065963
2 0.046407 0.618734 0.038922 0.034301
5 0.130240 0.618734 0.212575 0.039578
2 0.312874 0.618734 0.038922 0.034301
5 0.363772 0.620053 0.146707 0.042216
2 0.513473 0.618734 0.038922 0.034301
5 0.574850 0.618734 0.167665 0.039578
3 0.046407 0.742744 0.038922 0.034301
6 0.089820 0.742744 0.131737 0.039578
3 0.232036 0.742744 0.038922 0.034301
6 0.332335 0.742744 0.245509 0.039578
1 0.785928 0.893140 0.206587 0.087071
