0 0.334688 0.167098 0.170732 0.085492
4 0.222222 0.167098 0.401084 0.090674
0 0.577236 0.291451 0.666667 0.085492
4 0.467480 0.291451 0.891599 0.090674
0 0.346883 0.415803 0.216802 0.085492
4 0.239837 0.415803 0.436314 0.090674
6 0.048103 0.520078 0.047425 0.045337
7 0.107724 0.520725 0.172087 0.051813
6 0.268970 0.520078 0.047425 0.045337
7 0.428862 0.525907 0.372629 0.062176
6 0.690379 0.520078 0.047425 0.045337
7 0.794715 0.520725 0.261518 0.051813
1 0.048103 0.644430 0.047425 0.045337
3 0.105014 0.645078 0.166667 0.051813
1 0.263550 0.644430 0.047425 0.045337
3 0.317751 0.650259 0.161247 0.062176
2 0.238482 0.784974 0.363144 0.077720
