0 0.216851 0.248184 0.383978 0.055690
4 0.216851 0.223971 0.389503 0.099274
0 0.145028 0.369249 0.240331 0.055690
4 0.145028 0.348668 0.245856 0.092010
6 0.042127 0.487288 0.034530 0.030266
7 0.098757 0.487288 0.153315 0.035109
6 0.245166 0.487288 0.034530 0.030266
7 0.281077 0.487288 0.111878 0.035109
1 0.042127 0.615617 0.034530 0.030266
3 0.086326 0.615617 0.128453 0.035109
1 0.220304 0.615617 0.034530 0.030266
3 0.278315 0.617433 0.156077 0.038741
2 0.526243 0.756659 0.201657 0.055690
