0 0.549872 0.089744 0.751918 0.046154
4 0.474425 0.089744 0.907928 0.051282
0 0.295396 0.197436 0.360614 0.046154
4 0.249361 0.197436 0.457801 0.051282
0 0.309463 0.305128 0.271100 0.046154
4 0.234015 0.305128 0.427110 0.051282
0 0.501279 0.412821 0.670077 0.046154
4 0.429668 0.412821 0.818414 0.051282
0 0.523018 0.520513 0.769821 0.046154
4 0.465473 0.520513 0.890026 0.051282
2 0.035806 0.617949 0.025575 0.025641
5 0.093350 0.617949 0.145780 0.030769
3 0.035806 0.725641 0.025575 0.025641
6 0.076726 0.725641 0.112532 0.030769
3 0.194373 0.725641 0.025575 0.025641
6 0.230179 0.725641 0.102302 0.030769
3 0.342711 0.725641 0.025575 0.025641
6 0.397698 0.725641 0.140665 0.030769
1 0.517903 0.861538 0.222506 0.082051
