7 0.267908 0.112760 0.249284 0.056380
8 0.210602 0.112760 0.369628 0.062315
7 0.296562 0.231454 0.255014 0.056380
8 0.226361 0.231454 0.401146 0.062315
7 0.451289 0.350148 0.444126 0.056380
8 0.351003 0.350148 0.650430 0.062315
7 0.375358 0.468843 0.320917 0.056380
8 0.282235 0.468843 0.512894 0.062315
2 0.041547 0.572700 0.031519 0.032641
5 0.128940 0.572700 0.212034 0.038576
2 0.305158 0.572700 0.031519 0.032641
5 0.338109 0.572700 0.103152 0.038576
3 0.041547 0.691395 0.031519 0.032641
6 0.101719 0.691395 0.157593 0.038576
1 0.618911 0.832344 0.332378 0.077151
