0 0.123750 0.205882 0.202500 0.125000
4 0.123750 0.147059 0.207500 0.235294
6 0.045000 0.400735 0.045000 0.066176
7 0.132500 0.406250 0.225000 0.084559
6 0.315000 0.400735 0.045000 0.066176
7 0.402500 0.406250 0.225000 0.084559
6 0.585000 0.400735 0.045000 0.066176
7 0.645000 0.406250 0.170000 0.084559
6 0.800000 0.400735 0.045000 0.066176
7 0.856250 0.406250 0.162500 0.084559
1 0.045000 0.632353 0.045000 0.066176
3 0.168750 0.637868 0.297500 0.084559
2 0.411250 0.869485 0.137500 0.077206
