0 0.229814 0.182720 0.403727 0.073654
4 0.229814 0.155807 0.409938 0.121813
0 0.217391 0.315864 0.378882 0.073654
4 0.217391 0.288952 0.385093 0.121813
0 0.263975 0.457507 0.472050 0.073654
4 0.263975 0.426346 0.478261 0.130312
2 0.049689 0.567989 0.043478 0.039660
5 0.167702 0.570822 0.285714 0.050992
2 0.391304 0.567989 0.043478 0.039660
5 0.439441 0.570822 0.145963 0.050992
2 0.593168 0.567989 0.043478 0.039660
5 0.683230 0.567989 0.229814 0.045326
3 0.049689 0.701133 0.043478 0.039660
6 0.161491 0.703966 0.273292 0.050992
3 0.378882 0.701133 0.043478 0.039660
6 0.476708 0.701133 0.245342 0.045326
3 0.680124 0.701133 0.043478 0.039660
6 0.731366 0.703966 0.152174 0.050992
1 0.689441 0.847025 0.409938 0.065156
