0 0.178660 0.178042 0.312655 0.100890
4 0.178660 0.133531 0.317618 0.183976
0 0.194789 0.359050 0.344913 0.100890
4 0.194789 0.314540 0.349876 0.183976
6 0.044665 0.510386 0.044665 0.053412
7 0.101737 0.511869 0.163772 0.062315
6 0.253102 0.510386 0.044665 0.053412
7 0.364764 0.511869 0.272953 0.062315
6 0.570720 0.510386 0.044665 0.053412
7 0.682382 0.511869 0.272953 0.062315
1 0.044665 0.691395 0.044665 0.053412
3 0.112903 0.700297 0.186104 0.077151
1 0.275434 0.691395 0.044665 0.053412
3 0.344913 0.692878 0.188586 0.062315
2 0.631514 0.887240 0.493797 0.083086
