5 0.497347 0.092308 0.676393 0.092308
8 0.431034 0.092308 0.814324 0.098462
5 0.367374 0.273846 0.326260 0.092308
8 0.278515 0.273846 0.509284 0.098462
6 0.045756 0.502308 0.043767 0.050769
7 0.129310 0.503077 0.216180 0.058462
6 0.309682 0.502308 0.043767 0.050769
7 0.410477 0.503077 0.250663 0.058462
6 0.608090 0.502308 0.043767 0.050769
7 0.688992 0.509231 0.210875 0.070769
1 0.045756 0.683846 0.043767 0.050769
3 0.130637 0.690769 0.218833 0.070769
2 0.454907 0.890769 0.506631 0.101538
