5 0.558140 0.122340 0.385382 0.063830
8 0.392027 0.122340 0.724252 0.069149
5 0.646179 0.239362 0.561462 0.063830
8 0.480066 0.239362 0.900332 0.069149
5 0.548173 0.356383 0.365449 0.063830
8 0.382060 0.356383 0.704319 0.069149
5 0.642857 0.473404 0.554817 0.063830
8 0.476744 0.473404 0.893688 0.069149
6 0.052326 0.573803 0.044850 0.035904
7 0.100498 0.575798 0.147841 0.045213
1 0.052326 0.690824 0.044850 0.035904
3 0.102159 0.692819 0.151163 0.045213
2 0.340532 0.820479 0.116279 0.061170
