7 0.450262 0.153226 0.492147 0.048387
8 0.361257 0.153226 0.675393 0.053763
7 0.598168 0.276882 0.787958 0.048387
8 0.509162 0.276882 0.971204 0.053763
7 0.359948 0.400538 0.311518 0.048387
8 0.270942 0.400538 0.494764 0.053763
2 0.037304 0.511425 0.027487 0.028226
5 0.098822 0.511425 0.155759 0.033602
2 0.240183 0.511425 0.027487 0.028226
5 0.279450 0.511425 0.111257 0.033602
2 0.398560 0.511425 0.027487 0.028226
5 0.429974 0.511425 0.095550 0.033602
3 0.037304 0.635081 0.027487 0.028226
6 0.075262 0.635081 0.108639 0.033602
1 0.121728 0.776882 0.159686 0.064516
