5 0.467192 0.141119 0.199475 0.085158
8 0.296588 0.141119 0.545932 0.090024
5 0.653543 0.301703 0.572178 0.085158
8 0.482940 0.301703 0.918635 0.090024
6 0.048556 0.508516 0.049869 0.046229
7 0.141732 0.510949 0.241470 0.055961
6 0.337270 0.508516 0.049869 0.046229
7 0.451444 0.517032 0.283465 0.068127
1 0.048556 0.669100 0.049869 0.046229
3 0.122047 0.671533 0.202100 0.055961
1 0.297900 0.669100 0.049869 0.046229
3 0.371391 0.671533 0.202100 0.055961
2 0.398950 0.847932 0.446194 0.082725
