0 0.349351 0.188172 0.651948 0.068100
4 0.349351 0.163082 0.657143 0.111111
0 0.375325 0.342294 0.703896 0.068100
4 0.375325 0.317204 0.709091 0.111111
6 0.037013 0.481183 0.027273 0.037634
7 0.073377 0.481183 0.105195 0.044803
6 0.188961 0.481183 0.027273 0.037634
7 0.218831 0.481183 0.092208 0.044803
6 0.327922 0.481183 0.027273 0.037634
7 0.394156 0.481183 0.164935 0.044803
1 0.037013 0.635305 0.027273 0.037634
3 0.066883 0.635305 0.092208 0.044803
2 0.584416 0.806452 0.535065 0.071685
