0 0.188144 0.245721 0.329897 0.046455
4 0.188144 0.224939 0.335052 0.083130
0 0.293814 0.365526 0.541237 0.046455
4 0.293814 0.347188 0.546392 0.078240
2 0.036727 0.479829 0.027062 0.025672
5 0.071521 0.479829 0.101804 0.030562
2 0.184923 0.479829 0.027062 0.025672
5 0.260954 0.480440 0.184278 0.031785
3 0.036727 0.604523 0.027062 0.025672
6 0.096005 0.604523 0.150773 0.030562
3 0.233892 0.604523 0.027062 0.025672
6 0.280284 0.604523 0.125000 0.030562
1 0.786082 0.754279 0.216495 0.075795
