5 0.420312 0.200993 0.234375 0.047146
8 0.284375 0.200993 0.512500 0.052109
5 0.337500 0.330025 0.068750 0.047146
8 0.201563 0.330025 0.346875 0.052109
6 0.045312 0.476427 0.034375 0.027295
7 0.112500 0.476427 0.175000 0.032258
6 0.276562 0.476427 0.034375 0.027295
7 0.326562 0.476427 0.140625 0.032258
6 0.473438 0.476427 0.034375 0.027295
7 0.543750 0.476427 0.181250 0.032258
1 0.045312 0.605459 0.034375 0.027295
3 0.115625 0.605459 0.181250 0.032258
2 0.593750 0.759305 0.487500 0.076923
