7 0.547677 0.218750 0.738386 0.082237
8 0.470660 0.218750 0.897311 0.088816
2 0.039120 0.358553 0.034230 0.046053
5 0.107579 0.358553 0.176039 0.052632
2 0.259169 0.358553 0.034230 0.046053
5 0.349633 0.358553 0.220049 0.052632
2 0.523227 0.358553 0.034230 0.046053
5 0.597800 0.358553 0.188264 0.052632
3 0.039120 0.519737 0.034230 0.046053
6 0.117359 0.519737 0.195599 0.052632
3 0.278729 0.519737 0.034230 0.046053
6 0.353301 0.519737 0.188264 0.052632
3 0.511002 0.519737 0.034230 0.046053
6 0.564792 0.519737 0.146699 0.052632
1 0.394866 0.712171 0.545232 0.108553
