0 0.340731 0.116142 0.201044 0.137795
4 0.232376 0.116142 0.422977 0.145669
6 0.047650 0.308071 0.048303 0.072835
7 0.137728 0.311024 0.233681 0.086614
6 0.328329 0.308071 0.048303 0.072835
7 0.417102 0.311024 0.231070 0.086614
1 0.047650 0.532480 0.048303 0.072835
3 0.162533 0.535433 0.283290 0.086614
1 0.377937 0.532480 0.048303 0.072835
3 0.447128 0.535433 0.191906 0.086614
1 0.616841 0.532480 0.048303 0.072835
3 0.705614 0.535433 0.231070 0.086614
2 0.463446 0.761811 0.456919 0.082677
