0 0.516908 0.129771 0.342995 0.073791
4 0.355072 0.129771 0.671498 0.078880
0 0.648551 0.264631 0.606280 0.073791
4 0.486715 0.264631 0.934783 0.078880
0 0.422705 0.399491 0.202899 0.073791
4 0.272947 0.399491 0.507246 0.078880
6 0.040459 0.517176 0.037440 0.039440
7 0.126208 0.519084 0.213768 0.048346
6 0.297705 0.517176 0.037440 0.039440
7 0.344807 0.519084 0.136473 0.048346
6 0.477657 0.517176 0.037440 0.039440
7 0.565821 0.524173 0.218599 0.058524
1 0.040459 0.652036 0.037440 0.039440
3 0.128623 0.659033 0.218599 0.058524
1 0.302536 0.652036 0.037440 0.039440
3 0.403986 0.659033 0.245169 0.058524
2 0.663043 0.804071 0.509662 0.073791
