5 0.458580 0.066502 0.378698 0.061576
8 0.338757 0.066502 0.624260 0.066502
5 0.468935 0.137931 0.452663 0.061576
8 0.362426 0.137931 0.671598 0.066502
5 0.427515 0.209360 0.363905 0.061576
8 0.319527 0.209360 0.585799 0.066502
5 0.362426 0.280788 0.227811 0.061576
8 0.252959 0.280788 0.452663 0.066502
5 0.372781 0.352217 0.360947 0.061576
8 0.291420 0.352217 0.529586 0.066502
5 0.415680 0.423645 0.405325 0.061576
8 0.323964 0.423645 0.594675 0.066502
5 0.491124 0.495074 0.508876 0.061576
8 0.387574 0.495074 0.721893 0.066502
5 0.303254 0.566502 0.239645 0.061576
8 0.226331 0.566502 0.399408 0.066502
5 0.476331 0.637931 0.615385 0.061576
8 0.406805 0.637931 0.760355 0.066502
5 0.409763 0.709360 0.263314 0.061576
8 0.285503 0.709360 0.517751 0.066502
6 0.047337 0.764778 0.041420 0.034483
7 0.142012 0.766010 0.236686 0.041872
6 0.337278 0.764778 0.041420 0.034483
7 0.421598 0.764778 0.215976 0.039409
6 0.606509 0.764778 0.041420 0.034483
7 0.710059 0.766010 0.254438 0.041872
1 0.047337 0.836207 0.041420 0.034483
3 0.102071 0.837438 0.156805 0.041872
1 0.257396 0.836207 0.041420 0.034483
3 0.337278 0.836207 0.207101 0.039409
1 0.517751 0.836207 0.041420 0.034483
3 0.573964 0.837438 0.159763 0.041872
2 0.600592 0.926108 0.591716 0.071429
