5 0.387681 0.167067 0.500000 0.057692
8 0.330918 0.167067 0.618357 0.062500
5 0.512077 0.270433 0.748792 0.057692
8 0.455314 0.270433 0.867150 0.062500
5 0.509662 0.373798 0.555556 0.057692
8 0.405797 0.373798 0.768116 0.062500
5 0.381643 0.477163 0.323671 0.057692
8 0.283816 0.477163 0.524155 0.062500
6 0.038043 0.565505 0.032609 0.032452
7 0.081522 0.565505 0.124396 0.037260
6 0.205918 0.565505 0.032609 0.032452
7 0.261473 0.565505 0.148551 0.037260
6 0.397947 0.565505 0.032609 0.032452
7 0.431763 0.565505 0.105072 0.037260
6 0.546498 0.565505 0.032609 0.032452
7 0.602053 0.565505 0.148551 0.037260
1 0.038043 0.668870 0.032609 0.032452
3 0.079106 0.671875 0.119565 0.043269
1 0.201087 0.668870 0.032609 0.032452
3 0.238527 0.668870 0.112319 0.037260
2 0.506039 0.781250 0.557971 0.050481
