0 0.250630 0.138070 0.455919 0.058981
4 0.250630 0.113941 0.460957 0.101877
0 0.363980 0.261394 0.682620 0.058981
4 0.363980 0.237265 0.687657 0.101877
0 0.243073 0.384718 0.440806 0.058981
4 0.243073 0.360590 0.445844 0.101877
0 0.374055 0.508043 0.702771 0.058981
4 0.374055 0.483914 0.707809 0.101877
6 0.037783 0.620643 0.030227 0.032172
7 0.122166 0.624665 0.204030 0.045576
6 0.287154 0.620643 0.030227 0.032172
7 0.355164 0.620643 0.171285 0.037534
1 0.037783 0.743968 0.030227 0.032172
3 0.104534 0.743968 0.168766 0.037534
1 0.251889 0.743968 0.030227 0.032172
3 0.289673 0.743968 0.110831 0.037534
2 0.232997 0.876676 0.355164 0.050938
