5 0.277457 0.093525 0.190751 0.104317
8 0.200867 0.093525 0.349711 0.111511
5 0.504335 0.276978 0.627168 0.104317
8 0.423410 0.276978 0.794798 0.111511
6 0.049133 0.433453 0.046243 0.057554
7 0.105491 0.440647 0.164740 0.079137
6 0.265896 0.433453 0.046243 0.057554
7 0.385838 0.440647 0.291908 0.079137
1 0.049133 0.616906 0.046243 0.057554
3 0.135838 0.616906 0.225434 0.064748
1 0.326590 0.616906 0.046243 0.057554
3 0.468208 0.616906 0.335260 0.064748
1 0.713873 0.616906 0.046243 0.057554
3 0.839595 0.624101 0.303468 0.079137
2 0.313584 0.820144 0.453757 0.097122
