5 0.483696 0.119481 0.483696 0.049351
8 0.376359 0.119481 0.703804 0.054545
5 0.426630 0.254545 0.369565 0.049351
8 0.319293 0.254545 0.589674 0.054545
5 0.589674 0.389610 0.695652 0.049351
8 0.482337 0.389610 0.915761 0.054545
6 0.039402 0.545455 0.029891 0.028571
7 0.111413 0.545455 0.179348 0.033766
6 0.267663 0.545455 0.029891 0.028571
7 0.300272 0.545455 0.100543 0.033766
1 0.039402 0.680519 0.029891 0.028571
3 0.072011 0.680519 0.100543 0.033766
2 0.706522 0.835065 0.315217 0.067532
