5 0.404088 0.254743 0.349057 0.062331
8 0.305031 0.254743 0.553459 0.067751
6 0.048742 0.422764 0.040881 0.035230
7 0.133648 0.422764 0.216981 0.040650
6 0.322327 0.422764 0.040881 0.035230
7 0.408805 0.425474 0.220126 0.046070
6 0.599057 0.422764 0.040881 0.035230
7 0.650943 0.422764 0.150943 0.040650
1 0.048742 0.560976 0.040881 0.035230
3 0.103774 0.560976 0.157233 0.040650
1 0.262579 0.560976 0.040881 0.035230
3 0.317610 0.560976 0.157233 0.040650
1 0.476415 0.560976 0.040881 0.035230
3 0.536164 0.563686 0.166667 0.046070
2 0.473270 0.722222 0.355346 0.081301
