5 0.470032 0.141689 0.264984 0.073569
8 0.317035 0.141689 0.577287 0.079019
5 0.466877 0.299728 0.283912 0.073569
8 0.320189 0.299728 0.583596 0.079019
6 0.052050 0.498638 0.047319 0.040872
7 0.132492 0.505450 0.214511 0.059946
6 0.323344 0.498638 0.047319 0.040872
7 0.399054 0.500000 0.205047 0.049046
1 0.052050 0.656676 0.047319 0.040872
3 0.167192 0.658038 0.283912 0.049046
1 0.392744 0.656676 0.047319 0.040872
3 0.454259 0.663488 0.176656 0.059946
2 0.772871 0.832425 0.132492 0.076294
