5 0.657285 0.101485 0.440397 0.069307
8 0.455298 0.101485 0.850993 0.074257
5 0.504967 0.188119 0.135762 0.069307
8 0.302980 0.188119 0.546358 0.074257
5 0.715232 0.274752 0.556291 0.069307
8 0.513245 0.274752 0.966887 0.074257
5 0.657285 0.361386 0.440397 0.069307
8 0.455298 0.361386 0.850993 0.074257
5 0.642384 0.448020 0.410596 0.069307
8 0.440397 0.448020 0.821192 0.074257
5 0.675497 0.534653 0.476821 0.069307
8 0.473510 0.534653 0.887417 0.074257
5 0.708609 0.621287 0.543046 0.069307
8 0.506623 0.621287 0.953642 0.074257
6 0.055464 0.689975 0.051325 0.038366
7 0.156457 0.689975 0.259934 0.043317
6 0.375000 0.689975 0.051325 0.038366
7 0.472682 0.689975 0.253311 0.043317
1 0.055464 0.776609 0.051325 0.038366
3 0.110099 0.778465 0.167219 0.047030
1 0.282285 0.776609 0.051325 0.038366
3 0.398179 0.776609 0.289735 0.043317
1 0.631623 0.776609 0.051325 0.038366
3 0.735927 0.776609 0.266556 0.043317
2 0.753311 0.886139 0.341060 0.084158
