7 0.458225 0.116505 0.185379 0.063107
8 0.288512 0.116505 0.530026 0.067961
7 0.596606 0.254854 0.462141 0.063107
8 0.426893 0.254854 0.806789 0.067961
7 0.516971 0.393204 0.302872 0.063107
8 0.347258 0.393204 0.647520 0.067961
2 0.042428 0.561286 0.037859 0.035194
5 0.122063 0.561286 0.202350 0.040049
2 0.291775 0.561286 0.037859 0.035194
5 0.404047 0.561286 0.267624 0.040049
3 0.042428 0.699636 0.037859 0.035194
6 0.122063 0.699636 0.202350 0.040049
3 0.291775 0.699636 0.037859 0.035194
6 0.396214 0.699636 0.251958 0.040049
1 0.292428 0.842233 0.402089 0.043689
