5 0.427914 0.140152 0.230061 0.053030
8 0.286810 0.140152 0.518405 0.058081
5 0.469325 0.268939 0.312883 0.053030
8 0.328221 0.268939 0.601227 0.058081
5 0.389571 0.397727 0.153374 0.053030
8 0.248466 0.397727 0.441718 0.058081
6 0.046012 0.553030 0.036810 0.030303
7 0.116564 0.553030 0.184049 0.035354
6 0.285276 0.553030 0.036810 0.030303
7 0.360429 0.555556 0.193252 0.040404
6 0.533742 0.553030 0.036810 0.030303
7 0.582822 0.553030 0.141104 0.035354
1 0.046012 0.681818 0.036810 0.030303
3 0.085890 0.681818 0.122699 0.035354
2 0.414110 0.830808 0.429448 0.070707
