0 0.117284 0.274545 0.190123 0.109091
4 0.117284 0.234545 0.195062 0.181818
2 0.041975 0.416364 0.039506 0.058182
5 0.130864 0.416364 0.222222 0.065455
2 0.308642 0.416364 0.039506 0.058182
5 0.386420 0.416364 0.200000 0.065455
2 0.553086 0.416364 0.039506 0.058182
5 0.630864 0.416364 0.200000 0.065455
2 0.797531 0.416364 0.039506 0.058182
5 0.835802 0.416364 0.120988 0.065455
3 0.041975 0.590909 0.039506 0.058182
6 0.116049 0.590909 0.192593 0.065455
3 0.279012 0.590909 0.039506 0.058182
6 0.330864 0.590909 0.148148 0.065455
3 0.471605 0.590909 0.039506 0.058182
6 0.545679 0.590909 0.192593 0.065455
1 0.345679 0.792727 0.241975 0.112727
