5 0.519391 0.178082 0.584488 0.068493
8 0.419668 0.178082 0.789474 0.073973
5 0.574792 0.320548 0.750693 0.068493
8 0.488920 0.320548 0.927978 0.073973
6 0.044321 0.445205 0.038781 0.038356
7 0.101108 0.445205 0.157895 0.043836
6 0.252078 0.445205 0.038781 0.038356
7 0.311634 0.445205 0.163435 0.043836
6 0.465374 0.445205 0.038781 0.038356
7 0.505540 0.445205 0.124654 0.043836
1 0.044321 0.587671 0.038781 0.038356
3 0.112188 0.589041 0.180055 0.046575
2 0.427978 0.741096 0.235457 0.060274
