0 0.461538 0.085678 0.269231 0.066496
4 0.312500 0.085678 0.573718 0.071611
0 0.647436 0.234015 0.467949 0.066496
4 0.455128 0.234015 0.858974 0.071611
0 0.589744 0.382353 0.493590 0.066496
4 0.432692 0.382353 0.814103 0.071611
2 0.051282 0.515345 0.044872 0.035806
5 0.133013 0.523018 0.214744 0.056266
2 0.323718 0.515345 0.044872 0.035806
5 0.435897 0.517903 0.275641 0.046036
3 0.051282 0.663683 0.044872 0.035806
6 0.123397 0.666240 0.195513 0.046036
1 0.285256 0.819693 0.250000 0.051151
