0 0.272606 0.276280 0.497340 0.097035
4 0.272606 0.230458 0.502660 0.183288
6 0.049202 0.425876 0.050532 0.051213
7 0.105053 0.438005 0.167553 0.080863
6 0.264628 0.425876 0.050532 0.051213
7 0.368351 0.438005 0.263298 0.080863
6 0.575798 0.425876 0.050532 0.051213
7 0.722074 0.431267 0.348404 0.067385
1 0.049202 0.603774 0.050532 0.051213
3 0.159574 0.609164 0.276596 0.067385
1 0.373670 0.603774 0.050532 0.051213
3 0.429521 0.615903 0.167553 0.080863
2 0.162234 0.783019 0.117021 0.053908
