7 0.563939 0.184211 0.616368 0.098246
8 0.448849 0.184211 0.851662 0.105263
2 0.042839 0.421930 0.039642 0.054386
5 0.115729 0.424561 0.190537 0.066667
2 0.279412 0.421930 0.039642 0.054386
5 0.356138 0.424561 0.198210 0.066667
2 0.523657 0.421930 0.039642 0.054386
5 0.615729 0.424561 0.228900 0.066667
3 0.042839 0.604386 0.039642 0.054386
6 0.119565 0.607018 0.198210 0.066667
3 0.287084 0.604386 0.039642 0.054386
6 0.385550 0.614035 0.241688 0.080702
3 0.574808 0.604386 0.039642 0.054386
6 0.624680 0.614035 0.144501 0.080702
1 0.249361 0.801754 0.350384 0.084211
