7 0.531561 0.102410 0.332226 0.048193
8 0.365449 0.102410 0.671096 0.053012
7 0.573090 0.186747 0.415282 0.048193
8 0.406977 0.186747 0.754153 0.053012
7 0.561462 0.271084 0.392027 0.048193
8 0.395349 0.271084 0.730897 0.053012
7 0.682724 0.355422 0.634551 0.048193
8 0.516611 0.355422 0.973422 0.053012
7 0.564784 0.439759 0.398671 0.048193
8 0.398671 0.439759 0.737542 0.053012
7 0.619601 0.524096 0.508306 0.048193
8 0.453488 0.524096 0.847176 0.053012
7 0.518272 0.608434 0.305648 0.048193
8 0.352159 0.608434 0.644518 0.053012
2 0.049003 0.680120 0.038206 0.027711
5 0.171927 0.680120 0.290698 0.032530
3 0.049003 0.764458 0.038206 0.027711
6 0.137043 0.764458 0.220930 0.032530
3 0.329734 0.764458 0.038206 0.027711
6 0.377907 0.767470 0.141196 0.038554
3 0.530731 0.764458 0.038206 0.027711
6 0.618771 0.764458 0.220930 0.032530
1 0.641196 0.865060 0.259136 0.060241
