0 0.279412 0.140000 0.500000 0.070000
4 0.279412 0.112500 0.506536 0.120000
0 0.124183 0.280000 0.189542 0.070000
4 0.124183 0.256250 0.196078 0.112500
0 0.214052 0.427500 0.369281 0.070000
4 0.214052 0.403750 0.375817 0.112500
6 0.053922 0.561250 0.049020 0.037500
7 0.135621 0.561250 0.218954 0.042500
6 0.331699 0.561250 0.049020 0.037500
7 0.441176 0.561250 0.274510 0.042500
1 0.053922 0.708750 0.049020 0.037500
3 0.150327 0.708750 0.248366 0.042500
1 0.361111 0.708750 0.049020 0.037500
3 0.464052 0.710000 0.261438 0.045000
2 0.478758 0.866250 0.866013 0.057500
