5 0.551768 0.210317 0.719697 0.087302
8 0.468434 0.210317 0.891414 0.092593
6 0.045455 0.417989 0.045455 0.047619
7 0.104798 0.423280 0.169192 0.063492
6 0.260101 0.417989 0.045455 0.047619
7 0.305556 0.417989 0.141414 0.052910
6 0.446970 0.417989 0.045455 0.047619
7 0.545455 0.423280 0.247475 0.063492
1 0.045455 0.584656 0.045455 0.047619
3 0.126263 0.584656 0.212121 0.052910
1 0.303030 0.584656 0.045455 0.047619
3 0.396465 0.584656 0.237374 0.052910
1 0.585859 0.584656 0.045455 0.047619
3 0.636364 0.584656 0.151515 0.052910
2 0.486111 0.763228 0.184343 0.071429
