0 0.480418 0.152878 0.344648 0.086331
4 0.338120 0.152878 0.634465 0.093525
0 0.546997 0.307554 0.509138 0.086331
4 0.412533 0.307554 0.783290 0.093525
2 0.040470 0.442446 0.033943 0.046763
5 0.080940 0.442446 0.120104 0.053957
2 0.207572 0.442446 0.033943 0.046763
5 0.257180 0.444245 0.138381 0.057554
2 0.392950 0.442446 0.033943 0.046763
5 0.430809 0.444245 0.114883 0.057554
3 0.040470 0.597122 0.033943 0.046763
6 0.093995 0.597122 0.146214 0.053957
3 0.233681 0.597122 0.033943 0.046763
6 0.287206 0.597122 0.146214 0.053957
3 0.426893 0.597122 0.033943 0.046763
6 0.480418 0.597122 0.146214 0.053957
1 0.278068 0.762590 0.258486 0.068345
