5 0.643466 0.101955 0.667614 0.083799
8 0.502841 0.101955 0.954545 0.089385
5 0.529830 0.277933 0.440341 0.083799
8 0.389205 0.277933 0.727273 0.089385
6 0.049006 0.507682 0.046875 0.046089
7 0.128551 0.512570 0.211648 0.061453
6 0.311790 0.507682 0.046875 0.046089
7 0.405540 0.512570 0.240057 0.061453
6 0.602983 0.507682 0.046875 0.046089
7 0.655540 0.519553 0.157670 0.075419
1 0.049006 0.683659 0.046875 0.046089
3 0.191051 0.695531 0.336648 0.075419
1 0.436790 0.683659 0.046875 0.046089
3 0.489347 0.688547 0.157670 0.061453
1 0.645597 0.683659 0.046875 0.046089
3 0.745028 0.695531 0.251420 0.075419
2 0.362216 0.875698 0.508523 0.078212
