0 0.387728 0.123955 0.566580 0.055710
4 0.347258 0.123955 0.652742 0.061281
0 0.449086 0.257660 0.548303 0.055710
4 0.373368 0.257660 0.704961 0.061281
0 0.164491 0.391365 0.093995 0.055710
4 0.117493 0.391365 0.193211 0.061281
6 0.037859 0.512535 0.028721 0.030641
7 0.107050 0.512535 0.172324 0.036212
1 0.037859 0.646240 0.028721 0.030641
3 0.117493 0.646240 0.193211 0.036212
1 0.278068 0.646240 0.028721 0.030641
3 0.314621 0.646240 0.107050 0.036212
2 0.502611 0.807799 0.399478 0.086351
