0 0.668342 0.147922 0.587940 0.070905
4 0.492462 0.147922 0.944724 0.075795
0 0.543970 0.233496 0.344221 0.070905
4 0.369347 0.233496 0.698492 0.075795
0 0.551508 0.319071 0.349246 0.070905
4 0.374372 0.319071 0.708543 0.075795
0 0.566583 0.404645 0.394472 0.070905
4 0.393216 0.404645 0.746231 0.075795
0 0.449749 0.490220 0.130653 0.070905
4 0.268844 0.490220 0.497487 0.075795
0 0.502513 0.575795 0.281407 0.070905
4 0.332915 0.575795 0.625628 0.075795
6 0.042085 0.644866 0.038945 0.037897
7 0.133794 0.651589 0.227387 0.056235
6 0.314698 0.644866 0.038945 0.037897
7 0.403894 0.646699 0.222362 0.046455
1 0.042085 0.730440 0.038945 0.037897
3 0.138819 0.737164 0.237437 0.056235
2 0.677136 0.833741 0.278894 0.073350
