0 0.429487 0.061425 0.365385 0.046683
4 0.320513 0.061425 0.589744 0.051597
0 0.439103 0.144963 0.365385 0.046683
4 0.325321 0.144963 0.599359 0.051597
0 0.524038 0.228501 0.580128 0.046683
4 0.421474 0.228501 0.791667 0.051597
0 0.581731 0.312039 0.682692 0.046683
4 0.475962 0.312039 0.900641 0.051597
0 0.334936 0.395577 0.131410 0.046683
4 0.214744 0.395577 0.378205 0.051597
0 0.564103 0.479115 0.628205 0.046683
4 0.453526 0.479115 0.855769 0.051597
0 0.338141 0.562654 0.169872 0.046683
4 0.225962 0.562654 0.400641 0.051597
0 0.352564 0.646192 0.160256 0.046683
4 0.230769 0.646192 0.410256 0.051597
6 0.045673 0.719287 0.033654 0.025799
7 0.120994 0.719287 0.190705 0.030713
6 0.294071 0.719287 0.033654 0.025799
7 0.372596 0.719287 0.197115 0.030713
6 0.548878 0.719287 0.033654 0.025799
7 0.616186 0.719287 0.174679 0.030713
1 0.045673 0.802826 0.033654 0.025799
3 0.114583 0.804668 0.177885 0.034398
1 0.281250 0.802826 0.033654 0.025799
3 0.337340 0.802826 0.152244 0.030713
1 0.491186 0.802826 0.033654 0.025799
3 0.558494 0.804668 0.174679 0.034398
2 0.429487 0.904177 0.352564 0.061425
