5 0.411175 0.141892 0.249284 0.094595
8 0.282235 0.141892 0.512894 0.101351
6 0.047994 0.380912 0.044413 0.052365
7 0.151146 0.381757 0.256447 0.060811
6 0.356017 0.380912 0.044413 0.052365
7 0.440544 0.380912 0.219198 0.059122
6 0.626791 0.380912 0.044413 0.052365
7 0.717049 0.380912 0.230659 0.059122
1 0.047994 0.583615 0.044413 0.052365
3 0.131089 0.583615 0.216332 0.059122
1 0.315903 0.583615 0.044413 0.052365
3 0.363181 0.584459 0.144699 0.060811
1 0.512178 0.583615 0.044413 0.052365
3 0.602436 0.583615 0.230659 0.059122
2 0.674785 0.819257 0.340974 0.118243
