5 0.612378 0.163317 0.299674 0.080402
8 0.397394 0.163317 0.736156 0.085427
5 0.675896 0.288945 0.426710 0.080402
8 0.460912 0.288945 0.863192 0.085427
5 0.594463 0.414573 0.263844 0.080402
8 0.379479 0.414573 0.700326 0.085427
6 0.057818 0.519472 0.057003 0.043970
7 0.194625 0.525126 0.337134 0.060302
1 0.057818 0.645101 0.057003 0.043970
3 0.192997 0.645729 0.333876 0.050251
1 0.450326 0.645101 0.057003 0.043970
3 0.518730 0.650754 0.200326 0.060302
1 0.709283 0.645101 0.057003 0.043970
3 0.834691 0.645729 0.314332 0.050251
2 0.718241 0.790201 0.381107 0.082915
