7 0.517857 0.134058 0.535714 0.060386
8 0.407738 0.134058 0.761905 0.065217
7 0.404762 0.233092 0.297619 0.060386
8 0.291667 0.233092 0.529762 0.065217
7 0.436012 0.332126 0.485119 0.060386
8 0.354167 0.332126 0.654762 0.065217
7 0.437500 0.431159 0.535714 0.060386
8 0.367560 0.431159 0.681548 0.065217
7 0.325893 0.530193 0.223214 0.060386
8 0.233631 0.530193 0.413690 0.065217
2 0.047619 0.613527 0.041667 0.033816
5 0.102679 0.613527 0.157738 0.038647
2 0.258929 0.613527 0.041667 0.033816
5 0.315476 0.613527 0.160714 0.038647
3 0.047619 0.712560 0.041667 0.033816
6 0.111607 0.712560 0.175595 0.038647
3 0.276786 0.712560 0.041667 0.033816
6 0.358631 0.712560 0.211310 0.038647
3 0.541667 0.712560 0.041667 0.033816
6 0.653274 0.712560 0.270833 0.038647
1 0.311012 0.834541 0.318452 0.079710
