5 0.629581 0.223301 0.678010 0.077670
8 0.497382 0.223301 0.947644 0.082524
6 0.046466 0.361044 0.045812 0.042476
7 0.143325 0.361044 0.244764 0.047330
6 0.338351 0.361044 0.045812 0.042476
7 0.403796 0.361044 0.181937 0.047330
1 0.046466 0.518811 0.045812 0.042476
3 0.111911 0.518811 0.181937 0.047330
1 0.275524 0.518811 0.045812 0.042476
3 0.354058 0.518811 0.208115 0.047330
1 0.530759 0.518811 0.045812 0.042476
3 0.639398 0.518811 0.268325 0.047330
2 0.835079 0.699029 0.183246 0.087379
