5 0.425729 0.207463 0.517241 0.083582
8 0.355438 0.207463 0.663130 0.089552
6 0.044430 0.352985 0.041114 0.046269
7 0.150531 0.352985 0.258621 0.052239
6 0.350796 0.352985 0.041114 0.046269
7 0.401194 0.352985 0.147215 0.052239
6 0.545756 0.352985 0.041114 0.046269
7 0.600133 0.355224 0.155172 0.056716
1 0.044430 0.520149 0.041114 0.046269
3 0.131963 0.522388 0.221485 0.056716
1 0.313660 0.520149 0.041114 0.046269
3 0.406499 0.520149 0.232095 0.052239
2 0.267905 0.714925 0.201592 0.101493
