0 0.465461 0.149733 0.496711 0.066845
4 0.371711 0.149733 0.690789 0.072193
0 0.370066 0.302139 0.398026 0.066845
4 0.299342 0.302139 0.546053 0.072193
2 0.051809 0.439171 0.044408 0.036096
5 0.148849 0.439171 0.245066 0.041444
2 0.356086 0.439171 0.044408 0.036096
5 0.474507 0.442513 0.287829 0.048128
3 0.051809 0.591578 0.044408 0.036096
6 0.147204 0.591578 0.241776 0.041444
3 0.352796 0.591578 0.044408 0.036096
6 0.413651 0.591578 0.172697 0.041444
1 0.547697 0.754011 0.305921 0.056150
