7 0.543641 0.078467 0.523691 0.087591
8 0.415212 0.078467 0.785536 0.094891
7 0.407731 0.264599 0.251870 0.087591
8 0.279302 0.264599 0.513716 0.094891
2 0.039277 0.497263 0.033666 0.049270
5 0.115337 0.498175 0.190773 0.058394
2 0.274938 0.497263 0.033666 0.049270
5 0.355985 0.498175 0.200748 0.058394
3 0.039277 0.683394 0.033666 0.049270
6 0.099127 0.684307 0.158354 0.058394
3 0.242519 0.683394 0.033666 0.049270
6 0.336035 0.689781 0.225686 0.069343
3 0.513092 0.683394 0.033666 0.049270
6 0.627805 0.689781 0.268080 0.069343
3 0.826060 0.683394 0.033666 0.049270
6 0.867207 0.689781 0.120948 0.069343
1 0.713217 0.879562 0.359102 0.069343
