0 0.255556 0.183526 0.466667 0.080925
4 0.255556 0.144509 0.471605 0.153179
0 0.313580 0.342486 0.582716 0.080925
4 0.313580 0.309249 0.587654 0.141618
6 0.040741 0.500000 0.037037 0.043353
7 0.102469 0.502890 0.165432 0.054913
6 0.250617 0.500000 0.037037 0.043353
7 0.335802 0.502890 0.212346 0.054913
6 0.507407 0.500000 0.037037 0.043353
7 0.581481 0.502890 0.190123 0.054913
6 0.741975 0.500000 0.037037 0.043353
7 0.837037 0.508671 0.232099 0.066474
1 0.040741 0.670520 0.037037 0.043353
3 0.134568 0.673410 0.229630 0.054913
2 0.549383 0.868497 0.239506 0.098266
