0 0.427914 0.113924 0.800613 0.055696
4 0.427914 0.091139 0.806748 0.096203
0 0.388037 0.243038 0.720859 0.055696
4 0.388037 0.220253 0.726994 0.096203
0 0.246933 0.379747 0.438650 0.055696
4 0.246933 0.353165 0.444785 0.103797
0 0.110429 0.508861 0.165644 0.055696
4 0.110429 0.482278 0.171779 0.103797
2 0.046012 0.620253 0.036810 0.030380
5 0.134969 0.624051 0.220859 0.043038
2 0.322086 0.620253 0.036810 0.030380
5 0.375767 0.620253 0.150307 0.035443
2 0.527607 0.620253 0.036810 0.030380
5 0.593558 0.620253 0.174847 0.035443
3 0.046012 0.749367 0.036810 0.030380
6 0.092025 0.749367 0.134969 0.035443
3 0.236196 0.749367 0.036810 0.030380
6 0.329755 0.749367 0.230061 0.035443
1 0.628834 0.896203 0.196319 0.065823
