7 0.607527 0.151442 0.709677 0.067308
8 0.494624 0.151442 0.940860 0.072115
7 0.495968 0.278846 0.389785 0.067308
8 0.358871 0.278846 0.669355 0.072115
7 0.627688 0.406250 0.647849 0.067308
8 0.489247 0.406250 0.930108 0.072115
2 0.045027 0.566707 0.041667 0.037260
5 0.145833 0.566707 0.248656 0.042067
3 0.045027 0.694111 0.041667 0.037260
6 0.159274 0.698317 0.275538 0.050481
3 0.368952 0.694111 0.041667 0.037260
6 0.483199 0.698317 0.275538 0.050481
1 0.473118 0.841346 0.446237 0.076923
