5 0.571006 0.150538 0.715976 0.075269
8 0.479290 0.150538 0.905325 0.080645
5 0.393491 0.279570 0.289941 0.075269
8 0.284024 0.279570 0.514793 0.080645
5 0.452663 0.408602 0.343195 0.075269
8 0.326923 0.408602 0.600592 0.080645
6 0.049556 0.518145 0.045858 0.041667
7 0.096893 0.518817 0.146450 0.048387
6 0.249260 0.518145 0.045858 0.041667
7 0.335059 0.518817 0.223373 0.048387
6 0.525888 0.518145 0.045858 0.041667
7 0.644231 0.518817 0.288462 0.048387
1 0.049556 0.647177 0.045858 0.041667
3 0.160503 0.647849 0.273669 0.048387
1 0.376479 0.647177 0.045858 0.041667
3 0.472633 0.647849 0.244083 0.048387
1 0.673817 0.647177 0.045858 0.041667
3 0.758136 0.647849 0.220414 0.048387
2 0.538462 0.791667 0.556213 0.072581
