0 0.279221 0.156977 0.511688 0.081395
4 0.279221 0.126453 0.516883 0.136628
0 0.359740 0.331395 0.672727 0.081395
4 0.359740 0.300872 0.677922 0.136628
2 0.042857 0.492733 0.038961 0.043605
5 0.132468 0.492733 0.223377 0.049419
2 0.312987 0.492733 0.038961 0.043605
5 0.403896 0.498547 0.225974 0.061047
2 0.585714 0.492733 0.038961 0.043605
5 0.651948 0.492733 0.176623 0.049419
3 0.042857 0.667151 0.038961 0.043605
6 0.127273 0.667151 0.212987 0.049419
1 0.305195 0.872093 0.407792 0.104651
