7 0.662461 0.074526 0.630915 0.059621
8 0.504732 0.074526 0.952681 0.065041
7 0.574132 0.204607 0.454259 0.059621
8 0.416404 0.204607 0.776025 0.065041
7 0.504732 0.334688 0.315457 0.059621
8 0.347003 0.334688 0.637224 0.065041
7 0.479495 0.464770 0.264984 0.059621
8 0.321767 0.464770 0.586751 0.065041
2 0.048107 0.619919 0.039432 0.033875
5 0.130126 0.619919 0.209779 0.039295
2 0.314669 0.619919 0.039432 0.033875
5 0.428233 0.620596 0.272871 0.040650
3 0.048107 0.750000 0.039432 0.033875
6 0.145899 0.750678 0.241325 0.040650
3 0.346215 0.750000 0.039432 0.033875
6 0.426656 0.750000 0.206625 0.039295
3 0.609621 0.750000 0.039432 0.033875
6 0.650631 0.750678 0.127760 0.040650
1 0.429022 0.890244 0.347003 0.054201
