0 0.241329 0.194139 0.430636 0.098901
4 0.241329 0.157509 0.436416 0.164835
6 0.046965 0.383700 0.041908 0.053114
7 0.101879 0.383700 0.157514 0.060440
6 0.256503 0.383700 0.041908 0.053114
7 0.344653 0.383700 0.223988 0.060440
1 0.046965 0.592491 0.041908 0.053114
3 0.094653 0.592491 0.143064 0.060440
1 0.242052 0.592491 0.041908 0.053114
3 0.314306 0.592491 0.192197 0.060440
1 0.486272 0.592491 0.041908 0.053114
3 0.548410 0.597070 0.171965 0.069597
2 0.484104 0.822344 0.505780 0.095238
