7 0.613811 0.166667 0.501279 0.070048
8 0.445013 0.166667 0.843990 0.074879
7 0.493606 0.314010 0.260870 0.070048
8 0.324808 0.314010 0.603581 0.074879
2 0.043478 0.501208 0.040921 0.038647
5 0.150895 0.508454 0.260870 0.057971
2 0.350384 0.501208 0.040921 0.038647
5 0.420716 0.503623 0.186701 0.048309
2 0.583120 0.501208 0.040921 0.038647
5 0.685422 0.503623 0.250639 0.048309
3 0.043478 0.648551 0.040921 0.038647
6 0.120205 0.650966 0.199488 0.048309
1 0.308184 0.816425 0.529412 0.079710
