7 0.433594 0.141827 0.606771 0.040865
8 0.381510 0.141827 0.716146 0.045673
7 0.408854 0.250000 0.546875 0.040865
8 0.354167 0.250000 0.661458 0.045673
7 0.464844 0.358173 0.669271 0.040865
8 0.412760 0.358173 0.778646 0.045673
7 0.404948 0.466346 0.466146 0.040865
8 0.332031 0.466346 0.617188 0.045673
2 0.036458 0.592548 0.026042 0.024038
5 0.097656 0.592548 0.153646 0.028846
2 0.236979 0.592548 0.026042 0.024038
5 0.302083 0.592548 0.161458 0.028846
3 0.036458 0.700721 0.026042 0.024038
6 0.087240 0.700721 0.132812 0.028846
3 0.216146 0.700721 0.026042 0.024038
6 0.248698 0.700721 0.096354 0.028846
3 0.359375 0.700721 0.026042 0.024038
6 0.395833 0.700721 0.104167 0.028846
1 0.731771 0.822115 0.380208 0.050481
