0 0.142857 0.132075 0.236264 0.048518
4 0.142857 0.111860 0.241758 0.083558
0 0.103022 0.247978 0.156593 0.048518
4 0.103022 0.230458 0.162088 0.078167
0 0.361264 0.374663 0.673077 0.048518
4 0.361264 0.354447 0.678571 0.083558
0 0.350275 0.495957 0.651099 0.048518
4 0.350275 0.475741 0.656593 0.083558
6 0.038462 0.601078 0.027473 0.026954
7 0.061813 0.601078 0.079670 0.032345
6 0.167582 0.601078 0.027473 0.026954
7 0.217033 0.601078 0.131868 0.032345
1 0.038462 0.722372 0.027473 0.026954
3 0.070055 0.722372 0.096154 0.032345
1 0.184066 0.722372 0.027473 0.026954
3 0.226648 0.722372 0.118132 0.032345
2 0.313187 0.865229 0.280220 0.070081
