5 0.588235 0.145433 0.458824 0.064904
8 0.423529 0.145433 0.794118 0.069712
5 0.426471 0.256010 0.135294 0.064904
8 0.261765 0.256010 0.470588 0.069712
5 0.497059 0.366587 0.276471 0.064904
8 0.332353 0.366587 0.611765 0.069712
5 0.677941 0.477163 0.638235 0.064904
8 0.513235 0.477163 0.973529 0.069712
6 0.048529 0.570913 0.044118 0.036058
7 0.127941 0.570913 0.208824 0.040865
1 0.048529 0.681490 0.044118 0.036058
3 0.092647 0.686298 0.138235 0.050481
2 0.523529 0.813702 0.376471 0.079327
