7 0.336991 0.213499 0.166144 0.071625
8 0.225705 0.213499 0.394984 0.077135
7 0.382445 0.320937 0.376176 0.071625
8 0.300940 0.320937 0.545455 0.077135
7 0.630094 0.428375 0.620690 0.071625
8 0.485893 0.428375 0.915361 0.077135
2 0.050940 0.517218 0.045455 0.039945
5 0.143417 0.517218 0.236677 0.045455
2 0.344044 0.517218 0.045455 0.039945
5 0.414577 0.517218 0.192790 0.045455
3 0.050940 0.624656 0.045455 0.039945
6 0.137147 0.624656 0.224138 0.045455
1 0.637931 0.752066 0.379310 0.079890
