0 0.280749 0.180328 0.513369 0.084699
4 0.280749 0.148907 0.518717 0.142077
0 0.367647 0.346995 0.687166 0.084699
4 0.367647 0.315574 0.692513 0.142077
2 0.046123 0.499317 0.044118 0.045082
5 0.108957 0.505464 0.175134 0.062842
2 0.269385 0.499317 0.044118 0.045082
5 0.396390 0.500000 0.303476 0.051913
2 0.620989 0.499317 0.044118 0.045082
5 0.719920 0.500000 0.247326 0.051913
3 0.046123 0.665984 0.044118 0.045082
6 0.141043 0.666667 0.239305 0.051913
3 0.333556 0.665984 0.044118 0.045082
6 0.433824 0.666667 0.250000 0.051913
3 0.631684 0.665984 0.044118 0.045082
6 0.707888 0.666667 0.201872 0.051913
1 0.308824 0.853825 0.312834 0.087432
