0 0.310680 0.296448 0.563107 0.090164
4 0.310680 0.266393 0.569579 0.144809
2 0.057443 0.431011 0.056634 0.047814
5 0.120550 0.434426 0.189320 0.060109
2 0.305016 0.431011 0.056634 0.047814
5 0.381068 0.434426 0.215210 0.060109
2 0.578479 0.431011 0.056634 0.047814
5 0.641586 0.431011 0.189320 0.053279
3 0.057443 0.581284 0.056634 0.047814
6 0.120550 0.581284 0.189320 0.053279
3 0.305016 0.581284 0.056634 0.047814
6 0.368123 0.581284 0.189320 0.053279
1 0.152104 0.740437 0.116505 0.065574
