0 0.232895 0.255464 0.118421 0.051913
4 0.157895 0.255464 0.273684 0.057377
6 0.037500 0.377732 0.027632 0.028689
7 0.098026 0.377732 0.153947 0.034153
6 0.238816 0.377732 0.027632 0.028689
7 0.267763 0.377732 0.090789 0.034153
1 0.037500 0.511612 0.027632 0.028689
3 0.083553 0.511612 0.125000 0.034153
1 0.209868 0.511612 0.027632 0.028689
3 0.240132 0.511612 0.093421 0.034153
1 0.350658 0.511612 0.027632 0.028689
3 0.401974 0.513661 0.135526 0.038251
2 0.530263 0.666667 0.544737 0.071038
