0 0.205212 0.097015 0.351792 0.044776
4 0.205212 0.075871 0.358306 0.082090
0 0.138436 0.184080 0.218241 0.044776
4 0.138436 0.165423 0.224756 0.077114
0 0.071661 0.281095 0.084691 0.044776
4 0.071661 0.259950 0.091205 0.082090
0 0.201954 0.368159 0.345277 0.044776
4 0.201954 0.349502 0.351792 0.077114
0 0.169381 0.460199 0.280130 0.044776
4 0.169381 0.441542 0.286645 0.077114
0 0.333876 0.552239 0.609121 0.044776
4 0.333876 0.533582 0.615635 0.077114
0 0.123779 0.649254 0.188925 0.044776
4 0.123779 0.628109 0.195440 0.082090
2 0.045603 0.726368 0.032573 0.024876
5 0.087948 0.727612 0.123779 0.032338
2 0.228013 0.726368 0.032573 0.024876
5 0.307818 0.726368 0.198697 0.029851
2 0.485342 0.726368 0.032573 0.024876
5 0.543974 0.726368 0.156352 0.029851
3 0.045603 0.818408 0.032573 0.024876
6 0.087948 0.819652 0.123779 0.032338
3 0.228013 0.818408 0.032573 0.024876
6 0.307818 0.818408 0.198697 0.029851
1 0.390879 0.920398 0.442997 0.044776
