0 0.503333 0.182692 0.506667 0.062500
4 0.393333 0.182692 0.733333 0.067308
0 0.603333 0.298077 0.766667 0.062500
4 0.508333 0.298077 0.963333 0.067308
0 0.511667 0.413462 0.343333 0.062500
4 0.356667 0.413462 0.660000 0.067308
2 0.053333 0.514423 0.046667 0.033654
5 0.143333 0.514423 0.233333 0.038462
2 0.346667 0.514423 0.046667 0.033654
5 0.396667 0.514423 0.153333 0.038462
2 0.560000 0.514423 0.046667 0.033654
5 0.653333 0.514423 0.240000 0.038462
3 0.053333 0.629808 0.046667 0.033654
6 0.108333 0.629808 0.163333 0.038462
3 0.276667 0.629808 0.046667 0.033654
6 0.365000 0.629808 0.230000 0.038462
3 0.566667 0.629808 0.046667 0.033654
6 0.673333 0.631010 0.266667 0.040865
1 0.538333 0.766827 0.676667 0.076923
