0 0.391549 0.380556 0.433803 0.055556
4 0.316901 0.380556 0.588732 0.061111
6 0.040845 0.440278 0.030986 0.030556
7 0.076056 0.440278 0.107042 0.036111
6 0.198592 0.440278 0.030986 0.030556
7 0.243662 0.440278 0.126761 0.036111
6 0.376056 0.440278 0.030986 0.030556
7 0.450704 0.440278 0.185915 0.036111
1 0.040845 0.512500 0.030986 0.030556
3 0.077465 0.512500 0.109859 0.036111
1 0.201408 0.512500 0.030986 0.030556
3 0.271831 0.512500 0.177465 0.036111
2 0.319718 0.604167 0.414085 0.069444
