0 0.670455 0.155941 0.548701 0.061881
4 0.487013 0.155941 0.922078 0.066832
0 0.548701 0.262376 0.233766 0.061881
4 0.347403 0.262376 0.642857 0.066832
0 0.613636 0.368812 0.376623 0.061881
4 0.415584 0.368812 0.779221 0.066832
0 0.493506 0.475248 0.194805 0.061881
4 0.310065 0.475248 0.568182 0.066832
6 0.051136 0.567450 0.043831 0.033416
7 0.168019 0.570545 0.284091 0.044554
6 0.393669 0.567450 0.043831 0.033416
7 0.468344 0.567450 0.199675 0.038366
1 0.051136 0.673886 0.043831 0.033416
3 0.112825 0.673886 0.173701 0.038366
2 0.537338 0.805693 0.496753 0.084158
