5 0.377193 0.194293 0.222222 0.048913
8 0.258772 0.194293 0.464912 0.054348
5 0.504386 0.267663 0.476608 0.048913
8 0.385965 0.267663 0.719298 0.054348
5 0.542398 0.341033 0.552632 0.048913
8 0.423977 0.341033 0.795322 0.054348
5 0.507310 0.414402 0.482456 0.048913
8 0.388889 0.414402 0.725146 0.054348
5 0.504386 0.487772 0.476608 0.048913
8 0.385965 0.487772 0.719298 0.054348
5 0.375731 0.561141 0.219298 0.048913
8 0.257310 0.561141 0.461988 0.054348
6 0.041667 0.621603 0.030702 0.028533
7 0.097222 0.622283 0.147661 0.035326
6 0.241959 0.621603 0.030702 0.028533
7 0.307749 0.621603 0.168129 0.033967
1 0.041667 0.694973 0.030702 0.028533
3 0.092836 0.694973 0.138889 0.033967
1 0.233187 0.694973 0.030702 0.028533
3 0.262427 0.695652 0.095029 0.035326
1 0.380848 0.694973 0.030702 0.028533
3 0.452485 0.694973 0.179825 0.033967
2 0.334795 0.788043 0.517544 0.067935
