0 0.695890 0.080332 0.580822 0.096953
4 0.505479 0.080332 0.967123 0.102493
0 0.526027 0.196676 0.586301 0.096953
4 0.421918 0.196676 0.800000 0.102493
0 0.589041 0.313019 0.482192 0.096953
4 0.427397 0.313019 0.810959 0.102493
0 0.465753 0.429363 0.301370 0.096953
4 0.320548 0.429363 0.597260 0.102493
0 0.597260 0.545706 0.531507 0.096953
4 0.443836 0.545706 0.843836 0.102493
6 0.050000 0.639197 0.050685 0.051247
7 0.225342 0.642659 0.406849 0.063712
6 0.506164 0.639197 0.050685 0.051247
7 0.640411 0.649584 0.324658 0.077562
1 0.050000 0.755540 0.050685 0.051247
3 0.173288 0.759003 0.302740 0.063712
2 0.500000 0.872576 0.490411 0.052632
