5 0.566910 0.207692 0.695864 0.069231
8 0.469586 0.207692 0.895377 0.074359
5 0.221411 0.338462 0.102190 0.069231
8 0.148418 0.338462 0.253041 0.074359
6 0.040146 0.500000 0.036496 0.038462
7 0.119221 0.500000 0.199513 0.043590
6 0.283455 0.500000 0.036496 0.038462
7 0.380779 0.500000 0.236010 0.043590
6 0.563260 0.500000 0.036496 0.038462
7 0.643552 0.502564 0.201946 0.048718
6 0.809002 0.500000 0.036496 0.038462
7 0.883212 0.500000 0.189781 0.043590
1 0.040146 0.630769 0.036496 0.038462
3 0.086375 0.630769 0.133820 0.043590
1 0.217762 0.630769 0.036496 0.038462
3 0.263990 0.630769 0.133820 0.043590
1 0.395377 0.630769 0.036496 0.038462
3 0.453771 0.630769 0.158151 0.043590
1 0.597324 0.630769 0.036496 0.038462
3 0.643552 0.630769 0.133820 0.043590
2 0.428224 0.785897 0.243309 0.087179
