0 0.497067 0.072139 0.513196 0.044776
4 0.390029 0.072139 0.733138 0.049751
0 0.599707 0.161692 0.712610 0.044776
4 0.491202 0.161692 0.935484 0.049751
0 0.541056 0.251244 0.589443 0.044776
4 0.431085 0.251244 0.815249 0.049751
0 0.416422 0.340796 0.322581 0.044776
4 0.302053 0.340796 0.557185 0.049751
0 0.554252 0.430348 0.557185 0.044776
4 0.429619 0.430348 0.812317 0.049751
0 0.598240 0.519900 0.709677 0.044776
4 0.489736 0.519900 0.932551 0.049751
0 0.565982 0.609453 0.586510 0.044776
4 0.442815 0.609453 0.838710 0.049751
6 0.041056 0.689055 0.029326 0.024876
7 0.092375 0.689055 0.137830 0.029851
6 0.231672 0.689055 0.029326 0.024876
7 0.258065 0.689055 0.087977 0.029851
1 0.041056 0.778607 0.029326 0.024876
3 0.068915 0.778607 0.090909 0.029851
1 0.184751 0.778607 0.029326 0.024876
3 0.236070 0.778607 0.137830 0.029851
2 0.164223 0.879353 0.199413 0.047264
