0 0.324289 0.126598 0.602067 0.058824
4 0.324289 0.104859 0.607235 0.097187
0 0.271318 0.251918 0.496124 0.058824
4 0.271318 0.230179 0.501292 0.097187
0 0.375969 0.377238 0.705426 0.058824
4 0.375969 0.355499 0.710594 0.097187
0 0.161499 0.502558 0.276486 0.058824
4 0.161499 0.480818 0.281654 0.097187
6 0.039406 0.617008 0.032300 0.031969
7 0.102713 0.618926 0.164083 0.040921
6 0.250000 0.617008 0.032300 0.031969
7 0.279716 0.617008 0.096899 0.037084
6 0.393411 0.617008 0.032300 0.031969
7 0.448966 0.617008 0.148579 0.037084
1 0.039406 0.742327 0.032300 0.031969
3 0.072997 0.742327 0.104651 0.037084
1 0.190568 0.742327 0.032300 0.031969
3 0.259044 0.742327 0.174419 0.037084
1 0.411499 0.742327 0.032300 0.031969
3 0.489018 0.744246 0.192506 0.040921
2 0.339793 0.895141 0.281654 0.086957
