5 0.482968 0.192500 0.489051 0.072500
8 0.375912 0.192500 0.708029 0.077500
5 0.372263 0.330000 0.257908 0.072500
8 0.262774 0.330000 0.481752 0.077500
6 0.041363 0.506250 0.038929 0.040000
7 0.142336 0.507500 0.245742 0.047500
6 0.330900 0.506250 0.038929 0.040000
7 0.446472 0.507500 0.274939 0.047500
1 0.041363 0.643750 0.038929 0.040000
3 0.088808 0.650000 0.138686 0.057500
1 0.223844 0.643750 0.038929 0.040000
3 0.278589 0.645000 0.153285 0.047500
2 0.256691 0.802500 0.206813 0.082500
