0 0.209809 0.218033 0.370572 0.065574
4 0.209809 0.190164 0.376022 0.114754
0 0.295640 0.355738 0.542234 0.065574
4 0.295640 0.331148 0.547684 0.108197
2 0.039510 0.485246 0.029973 0.036066
5 0.074932 0.485246 0.106267 0.042623
2 0.194823 0.485246 0.029973 0.036066
5 0.232970 0.485246 0.111717 0.042623
2 0.355586 0.485246 0.029973 0.036066
5 0.391008 0.485246 0.106267 0.042623
3 0.039510 0.629508 0.029973 0.036066
6 0.121253 0.629508 0.198910 0.042623
1 0.730245 0.796721 0.326975 0.081967
