5 0.620253 0.119681 0.626582 0.053191
8 0.482595 0.119681 0.908228 0.058511
5 0.397152 0.255319 0.180380 0.053191
8 0.259494 0.255319 0.462025 0.058511
5 0.596519 0.390957 0.579114 0.053191
8 0.458861 0.390957 0.860759 0.058511
6 0.046677 0.512633 0.036392 0.030585
7 0.090981 0.512633 0.131329 0.035904
6 0.234968 0.512633 0.036392 0.030585
7 0.271361 0.512633 0.115506 0.035904
1 0.046677 0.648271 0.036392 0.030585
3 0.097310 0.648271 0.143987 0.035904
2 0.232595 0.795213 0.110759 0.053191
