0 0.311782 0.214286 0.571839 0.065476
4 0.311782 0.183036 0.577586 0.122024
0 0.261494 0.354167 0.471264 0.065476
4 0.261494 0.327381 0.477011 0.113095
6 0.043103 0.491071 0.034483 0.035714
7 0.139368 0.495536 0.232759 0.050595
6 0.327586 0.491071 0.034483 0.035714
7 0.435345 0.491071 0.255747 0.041667
6 0.635057 0.491071 0.034483 0.035714
7 0.715517 0.491071 0.201149 0.041667
1 0.043103 0.639881 0.034483 0.035714
3 0.086207 0.639881 0.126437 0.041667
2 0.419540 0.816964 0.275862 0.092262
