0 0.105943 0.132997 0.165375 0.067340
4 0.105943 0.106061 0.170543 0.114478
0 0.118863 0.281145 0.191214 0.067340
4 0.118863 0.254209 0.196382 0.114478
0 0.321705 0.429293 0.596899 0.067340
4 0.321705 0.402357 0.602067 0.114478
6 0.037468 0.562290 0.028424 0.037037
7 0.067183 0.562290 0.093023 0.043771
6 0.177003 0.562290 0.028424 0.037037
7 0.227390 0.562290 0.134367 0.043771
6 0.357881 0.562290 0.028424 0.037037
7 0.408269 0.562290 0.134367 0.043771
1 0.037468 0.710438 0.028424 0.037037
3 0.098191 0.712121 0.155039 0.047138
1 0.239018 0.710438 0.028424 0.037037
3 0.288114 0.710438 0.131783 0.043771
2 0.450904 0.870370 0.240310 0.060606
