0 0.397311 0.173145 0.418093 0.074205
4 0.314181 0.173145 0.589242 0.081272
6 0.036064 0.336572 0.028117 0.040636
7 0.069071 0.339223 0.099022 0.053004
1 0.036064 0.516784 0.028117 0.040636
3 0.094743 0.519435 0.150367 0.053004
1 0.230440 0.516784 0.028117 0.040636
3 0.312347 0.516784 0.196822 0.047703
1 0.471271 0.516784 0.028117 0.040636
3 0.538509 0.516784 0.167482 0.047703
1 0.682763 0.516784 0.028117 0.040636
3 0.731663 0.516784 0.130807 0.047703
2 0.517115 0.722615 0.300733 0.091873
