0 0.306579 0.121687 0.565789 0.048193
4 0.306579 0.102410 0.571053 0.081928
0 0.193421 0.203614 0.339474 0.048193
4 0.193421 0.186747 0.344737 0.077108
0 0.368421 0.295181 0.689474 0.048193
4 0.368421 0.275904 0.694737 0.081928
0 0.152632 0.377108 0.257895 0.048193
4 0.152632 0.360241 0.263158 0.077108
0 0.193421 0.463855 0.339474 0.048193
4 0.193421 0.446988 0.344737 0.077108
0 0.348684 0.555422 0.650000 0.048193
4 0.348684 0.536145 0.655263 0.081928
0 0.121053 0.637349 0.194737 0.048193
4 0.121053 0.620482 0.200000 0.077108
2 0.038158 0.713253 0.028947 0.026506
5 0.068421 0.713253 0.094737 0.031325
3 0.038158 0.800000 0.028947 0.026506
6 0.092105 0.800000 0.142105 0.031325
3 0.227632 0.800000 0.028947 0.026506
6 0.293421 0.800000 0.165789 0.031325
3 0.440789 0.800000 0.028947 0.026506
6 0.477632 0.800000 0.107895 0.031325
1 0.402632 0.906024 0.247368 0.065060
