0 0.255611 0.191601 0.466334 0.070866
4 0.255611 0.166667 0.471322 0.115486
0 0.094763 0.320210 0.144638 0.070866
4 0.094763 0.295276 0.149626 0.115486
0 0.187032 0.448819 0.329177 0.070866
4 0.187032 0.423885 0.334165 0.115486
2 0.040524 0.563648 0.036160 0.038058
5 0.102868 0.563648 0.165835 0.043307
3 0.040524 0.692257 0.036160 0.038058
6 0.142768 0.692257 0.245636 0.043307
3 0.331047 0.692257 0.036160 0.038058
6 0.415835 0.694226 0.210723 0.047244
3 0.586658 0.692257 0.036160 0.038058
6 0.688903 0.692257 0.245636 0.043307
1 0.360349 0.843832 0.256858 0.083990
