0 0.464286 0.239130 0.326531 0.084399
4 0.325255 0.239130 0.609694 0.089514
0 0.424745 0.359335 0.410714 0.084399
4 0.326531 0.359335 0.612245 0.089514
6 0.045281 0.459719 0.044643 0.044757
7 0.098852 0.465473 0.156888 0.061381
1 0.045281 0.579923 0.044643 0.044757
3 0.106505 0.580563 0.172194 0.051151
1 0.263393 0.579923 0.044643 0.044757
3 0.330995 0.580563 0.184949 0.051151
1 0.494260 0.579923 0.044643 0.044757
3 0.565689 0.585678 0.192602 0.061381
2 0.376276 0.708440 0.308673 0.061381
