0 0.593516 0.083960 0.588529 0.085213
4 0.455112 0.083960 0.870324 0.090226
0 0.612219 0.214286 0.536160 0.085213
4 0.451372 0.214286 0.862843 0.090226
0 0.443890 0.344612 0.329177 0.085213
4 0.315461 0.344612 0.591022 0.090226
0 0.428928 0.474937 0.488778 0.085213
4 0.347880 0.474937 0.655860 0.090226
6 0.044888 0.585213 0.044888 0.045113
7 0.102244 0.586466 0.164589 0.052632
6 0.254364 0.585213 0.044888 0.045113
7 0.392768 0.586466 0.326683 0.052632
6 0.625935 0.585213 0.044888 0.045113
7 0.683292 0.586466 0.164589 0.052632
1 0.044888 0.715539 0.044888 0.045113
3 0.157107 0.723058 0.274314 0.065163
1 0.364090 0.715539 0.044888 0.045113
3 0.432668 0.723058 0.187032 0.065163
1 0.596010 0.715539 0.044888 0.045113
3 0.734414 0.716792 0.326683 0.052632
2 0.527431 0.863409 0.201995 0.080201
