7 0.620112 0.153425 0.424581 0.093151
8 0.430168 0.153425 0.810056 0.098630
7 0.646648 0.265753 0.477654 0.093151
8 0.456704 0.265753 0.863128 0.098630
7 0.607542 0.378082 0.399441 0.093151
8 0.417598 0.378082 0.784916 0.098630
7 0.572626 0.490411 0.329609 0.093151
8 0.382682 0.490411 0.715084 0.098630
2 0.050978 0.578767 0.051676 0.050685
5 0.204609 0.578767 0.364525 0.056164
2 0.465782 0.578767 0.051676 0.050685
5 0.577514 0.578767 0.280726 0.056164
3 0.050978 0.691096 0.051676 0.050685
6 0.113827 0.691096 0.182961 0.056164
1 0.166201 0.826027 0.136872 0.095890
