7 0.482866 0.121795 0.299065 0.074359
8 0.331776 0.121795 0.607477 0.079487
7 0.584112 0.260256 0.426791 0.074359
8 0.414330 0.260256 0.772586 0.079487
7 0.599688 0.398718 0.725857 0.074359
8 0.496885 0.398718 0.937695 0.079487
2 0.052960 0.574359 0.049844 0.041026
5 0.188474 0.579487 0.327103 0.056410
2 0.436137 0.574359 0.049844 0.041026
5 0.554517 0.574359 0.292835 0.046154
3 0.052960 0.712821 0.049844 0.041026
6 0.126168 0.717949 0.202492 0.056410
3 0.311526 0.712821 0.049844 0.041026
6 0.447040 0.717949 0.327103 0.056410
1 0.471963 0.861538 0.208723 0.061538
