5 0.421739 0.244186 0.426087 0.069767
8 0.331884 0.244186 0.611594 0.076412
5 0.386957 0.360465 0.356522 0.069767
8 0.297101 0.360465 0.542029 0.076412
6 0.043478 0.458472 0.034783 0.039867
7 0.160870 0.463455 0.275362 0.056478
1 0.043478 0.574751 0.034783 0.039867
3 0.144928 0.579734 0.243478 0.056478
1 0.339130 0.574751 0.034783 0.039867
3 0.436232 0.579734 0.234783 0.056478
1 0.626087 0.574751 0.034783 0.039867
3 0.681159 0.579734 0.150725 0.056478
2 0.289855 0.727575 0.133333 0.112957
