0 0.478082 0.171084 0.687671 0.069880
4 0.423288 0.171084 0.802740 0.074699
0 0.508219 0.315663 0.687671 0.069880
4 0.438356 0.315663 0.832877 0.074699
6 0.045890 0.443976 0.042466 0.037349
7 0.108904 0.443976 0.173973 0.042169
6 0.269178 0.443976 0.042466 0.037349
7 0.314384 0.443976 0.138356 0.042169
1 0.045890 0.588554 0.042466 0.037349
3 0.100685 0.588554 0.157534 0.042169
1 0.252740 0.588554 0.042466 0.037349
3 0.345890 0.589157 0.234247 0.043373
2 0.326027 0.750602 0.389041 0.072289
