0 0.339943 0.172316 0.628895 0.096045
4 0.339943 0.137006 0.634561 0.161017
0 0.233711 0.347458 0.416431 0.096045
4 0.233711 0.312147 0.422096 0.161017
6 0.050992 0.505650 0.050992 0.050847
7 0.101983 0.507062 0.158640 0.059322
6 0.260623 0.505650 0.050992 0.050847
7 0.354108 0.512712 0.243626 0.070621
1 0.050992 0.680791 0.050992 0.050847
3 0.117564 0.687853 0.189802 0.070621
1 0.291785 0.680791 0.050992 0.050847
3 0.390935 0.687853 0.254958 0.070621
2 0.541076 0.865819 0.453258 0.070621
