0 0.216381 0.136111 0.388753 0.066667
4 0.216381 0.113889 0.393643 0.105556
0 0.385086 0.280556 0.726161 0.066667
4 0.385086 0.258333 0.731051 0.105556
0 0.191932 0.425000 0.339853 0.066667
4 0.191932 0.402778 0.344743 0.105556
2 0.037897 0.556944 0.031785 0.036111
5 0.074572 0.556944 0.110024 0.041667
2 0.191932 0.556944 0.031785 0.036111
5 0.267726 0.556944 0.188264 0.041667
2 0.424205 0.556944 0.031785 0.036111
5 0.473105 0.556944 0.134474 0.041667
2 0.602689 0.556944 0.031785 0.036111
5 0.678484 0.556944 0.188264 0.041667
3 0.037897 0.701389 0.031785 0.036111
6 0.096577 0.701389 0.154034 0.041667
3 0.235941 0.701389 0.031785 0.036111
6 0.299511 0.701389 0.163814 0.041667
3 0.443765 0.701389 0.031785 0.036111
6 0.480440 0.701389 0.110024 0.041667
3 0.597800 0.701389 0.031785 0.036111
6 0.673594 0.701389 0.188264 0.041667
1 0.488998 0.862500 0.430318 0.069444
