5 0.427848 0.076456 0.278481 0.050971
8 0.296203 0.076456 0.546835 0.055825
5 0.474684 0.166262 0.372152 0.050971
8 0.343038 0.166262 0.640506 0.055825
5 0.613924 0.256068 0.650633 0.050971
8 0.482278 0.256068 0.918987 0.055825
5 0.584810 0.345874 0.592405 0.050971
8 0.453165 0.345874 0.860759 0.055825
5 0.341772 0.435680 0.106329 0.050971
8 0.210127 0.435680 0.374684 0.055825
5 0.625316 0.525485 0.673418 0.050971
8 0.493671 0.525485 0.941772 0.055825
5 0.630380 0.615291 0.683544 0.050971
8 0.498734 0.615291 0.951899 0.055825
6 0.037975 0.691748 0.030380 0.029126
7 0.122785 0.691748 0.205063 0.033981
6 0.288608 0.691748 0.030380 0.029126
7 0.335443 0.691748 0.129114 0.033981
1 0.037975 0.781553 0.030380 0.029126
3 0.079747 0.782767 0.118987 0.036408
1 0.202532 0.781553 0.030380 0.029126
3 0.245570 0.781553 0.121519 0.033981
1 0.369620 0.781553 0.030380 0.029126
3 0.431646 0.781553 0.159494 0.033981
2 0.496203 0.891990 0.258228 0.070388
