0 0.668731 0.167513 0.464396 0.071066
4 0.464396 0.167513 0.879257 0.076142
0 0.588235 0.258883 0.309598 0.071066
4 0.385449 0.258883 0.721362 0.076142
0 0.620743 0.350254 0.393189 0.071066
4 0.422601 0.350254 0.795666 0.076142
0 0.595975 0.441624 0.380805 0.071066
4 0.407121 0.441624 0.764706 0.076142
0 0.640867 0.532995 0.421053 0.071066
4 0.439628 0.532995 0.829721 0.076142
6 0.051084 0.607868 0.046440 0.038071
7 0.126935 0.609137 0.204334 0.045685
1 0.051084 0.699239 0.046440 0.038071
3 0.120743 0.700508 0.191950 0.045685
1 0.298762 0.699239 0.046440 0.038071
3 0.388545 0.700508 0.232198 0.045685
2 0.592879 0.810914 0.275542 0.078680
