0 0.514423 0.164402 0.439103 0.057065
4 0.381410 0.164402 0.711538 0.062500
0 0.381410 0.267663 0.429487 0.057065
4 0.312500 0.267663 0.573718 0.062500
0 0.588141 0.370924 0.778846 0.057065
4 0.503205 0.370924 0.955128 0.062500
0 0.399038 0.474185 0.381410 0.057065
4 0.309295 0.474185 0.567308 0.062500
2 0.047276 0.564538 0.036859 0.031250
5 0.173878 0.567935 0.296474 0.043478
2 0.401442 0.564538 0.036859 0.031250
5 0.444712 0.567935 0.129808 0.043478
2 0.588942 0.564538 0.036859 0.031250
5 0.691506 0.567935 0.248397 0.043478
3 0.047276 0.667799 0.036859 0.031250
6 0.173878 0.671196 0.296474 0.043478
3 0.401442 0.667799 0.036859 0.031250
6 0.454327 0.667799 0.149038 0.036685
1 0.538462 0.790761 0.512821 0.070652
