5 0.544118 0.104369 0.423529 0.075243
8 0.392647 0.104369 0.732353 0.080097
5 0.516176 0.228155 0.367647 0.075243
8 0.364706 0.228155 0.676471 0.080097
5 0.439706 0.351942 0.214706 0.075243
8 0.288235 0.351942 0.523529 0.080097
5 0.632353 0.475728 0.600000 0.075243
8 0.480882 0.475728 0.908824 0.080097
6 0.051471 0.580097 0.050000 0.041262
7 0.119118 0.582524 0.191176 0.050971
6 0.295588 0.580097 0.050000 0.041262
7 0.422059 0.582524 0.308824 0.050971
1 0.051471 0.703883 0.050000 0.041262
3 0.147059 0.706311 0.247059 0.050971
2 0.563235 0.833738 0.555882 0.053398
