0 0.302956 0.206186 0.561576 0.089347
4 0.302956 0.168385 0.566502 0.158076
0 0.168719 0.357388 0.293103 0.089347
4 0.168719 0.324742 0.298030 0.147766
6 0.039409 0.501718 0.034483 0.048110
7 0.096059 0.501718 0.152709 0.054983
6 0.236453 0.501718 0.034483 0.048110
7 0.273399 0.505155 0.113300 0.061856
6 0.394089 0.501718 0.034483 0.048110
7 0.454433 0.501718 0.160099 0.054983
1 0.039409 0.663230 0.034483 0.048110
3 0.112069 0.666667 0.184729 0.061856
2 0.422414 0.848797 0.426108 0.096220
