0 0.189935 0.312968 0.321429 0.064838
4 0.189935 0.281796 0.327922 0.122195
6 0.051948 0.430175 0.045455 0.034913
7 0.141234 0.431421 0.230519 0.042394
6 0.340909 0.430175 0.045455 0.034913
7 0.400974 0.431421 0.172078 0.042394
1 0.051948 0.567332 0.045455 0.034913
3 0.118506 0.568579 0.185065 0.042394
1 0.295455 0.567332 0.045455 0.034913
3 0.378247 0.568579 0.217532 0.042394
1 0.571429 0.567332 0.045455 0.034913
3 0.676948 0.568579 0.262987 0.042394
2 0.512987 0.711970 0.642857 0.049875
