0 0.175841 0.137203 0.296636 0.087071
4 0.175841 0.106860 0.302752 0.142480
0 0.223242 0.300792 0.391437 0.087071
4 0.223242 0.265172 0.397554 0.153034
0 0.204893 0.443272 0.354740 0.087071
4 0.204893 0.412929 0.360856 0.142480
2 0.054281 0.581135 0.053517 0.046174
5 0.198012 0.585752 0.347095 0.060686
2 0.456422 0.581135 0.053517 0.046174
5 0.584862 0.585752 0.316514 0.060686
3 0.054281 0.734169 0.053517 0.046174
6 0.164373 0.734169 0.279817 0.051451
3 0.389144 0.734169 0.053517 0.046174
6 0.523700 0.738786 0.328746 0.060686
1 0.472477 0.894459 0.547401 0.060686
