0 0.279710 0.088918 0.281159 0.048969
4 0.223188 0.088918 0.400000 0.054124
0 0.513043 0.212629 0.544928 0.048969
4 0.405797 0.212629 0.765217 0.054124
0 0.430435 0.336340 0.588406 0.048969
4 0.375362 0.336340 0.704348 0.054124
0 0.578261 0.460052 0.611594 0.048969
4 0.455072 0.460052 0.863768 0.054124
6 0.041304 0.572809 0.030435 0.027062
7 0.090580 0.573454 0.134783 0.033505
6 0.228261 0.572809 0.030435 0.027062
7 0.309420 0.573454 0.198551 0.033505
6 0.478986 0.572809 0.030435 0.027062
7 0.518116 0.572809 0.114493 0.032216
1 0.041304 0.696521 0.030435 0.027062
3 0.112319 0.696521 0.178261 0.032216
1 0.271739 0.696521 0.030435 0.027062
3 0.338406 0.696521 0.169565 0.032216
1 0.493478 0.696521 0.030435 0.027062
3 0.536957 0.697165 0.123188 0.033505
2 0.621739 0.832474 0.339130 0.051546
