0 0.578947 0.087121 0.552632 0.073232
4 0.439474 0.087121 0.836842 0.078283
0 0.619737 0.236111 0.628947 0.073232
4 0.478947 0.236111 0.915789 0.078283
0 0.293421 0.385101 0.176316 0.073232
4 0.202632 0.385101 0.363158 0.078283
6 0.044079 0.517045 0.040789 0.039141
7 0.134868 0.523990 0.227632 0.058081
6 0.319079 0.517045 0.040789 0.039141
7 0.409868 0.523990 0.227632 0.058081
1 0.044079 0.666035 0.040789 0.039141
3 0.145395 0.672980 0.248684 0.058081
1 0.340132 0.666035 0.040789 0.039141
3 0.419079 0.667929 0.203947 0.047980
1 0.591447 0.666035 0.040789 0.039141
3 0.671711 0.672980 0.206579 0.058081
2 0.518421 0.830808 0.615789 0.070707
