0 0.347262 0.121479 0.106628 0.095070
4 0.213256 0.121479 0.380403 0.102113
0 0.407781 0.262324 0.244957 0.095070
4 0.278098 0.262324 0.510086 0.102113
0 0.520173 0.403169 0.446686 0.095070
4 0.384726 0.403169 0.723343 0.102113
6 0.046830 0.522007 0.041787 0.051056
7 0.156340 0.522007 0.266571 0.058099
1 0.046830 0.662852 0.041787 0.051056
3 0.150576 0.665493 0.255043 0.063380
1 0.353746 0.662852 0.041787 0.051056
3 0.437320 0.662852 0.214697 0.058099
2 0.511527 0.832746 0.239193 0.109155
