0 0.279321 0.061562 0.219136 0.105105
4 0.208333 0.061562 0.367284 0.111111
0 0.516975 0.256757 0.478395 0.105105
4 0.391975 0.256757 0.734568 0.111111
6 0.056327 0.427177 0.057099 0.055556
7 0.192130 0.438438 0.334877 0.084084
6 0.446759 0.427177 0.057099 0.055556
7 0.556327 0.430931 0.282407 0.069069
1 0.056327 0.622372 0.057099 0.055556
3 0.116512 0.633634 0.183642 0.084084
1 0.295525 0.622372 0.057099 0.055556
3 0.411265 0.626126 0.294753 0.069069
2 0.304012 0.816817 0.503086 0.054054
