0 0.609827 0.113232 0.312139 0.071247
4 0.395954 0.113232 0.745665 0.076336
0 0.712428 0.197201 0.557803 0.071247
4 0.508671 0.197201 0.971098 0.076336
0 0.560694 0.281170 0.277457 0.071247
4 0.362717 0.281170 0.679191 0.076336
0 0.521676 0.365140 0.158960 0.071247
4 0.313584 0.365140 0.580925 0.076336
0 0.653179 0.449109 0.473988 0.071247
4 0.458092 0.449109 0.869942 0.076336
0 0.677746 0.533079 0.459538 0.071247
4 0.466763 0.533079 0.887283 0.076336
0 0.547688 0.617048 0.222543 0.071247
4 0.342486 0.617048 0.638728 0.076336
6 0.047688 0.684478 0.043353 0.038168
7 0.148844 0.685751 0.251445 0.045802
6 0.351156 0.684478 0.043353 0.038168
7 0.430636 0.685751 0.208092 0.045802
1 0.047688 0.768448 0.043353 0.038168
3 0.173410 0.774809 0.300578 0.055980
1 0.400289 0.768448 0.043353 0.038168
3 0.531792 0.774809 0.312139 0.055980
2 0.514451 0.874046 0.323699 0.081425
