5 0.397698 0.092896 0.237852 0.060109
8 0.271100 0.092896 0.496164 0.065574
5 0.404092 0.202186 0.250639 0.060109
8 0.277494 0.202186 0.508951 0.065574
5 0.437340 0.311475 0.317136 0.060109
8 0.310742 0.311475 0.575448 0.065574
5 0.630435 0.420765 0.703325 0.060109
8 0.503836 0.420765 0.961637 0.065574
5 0.507673 0.530055 0.457801 0.060109
8 0.381074 0.530055 0.716113 0.065574
6 0.039003 0.623634 0.031969 0.034153
7 0.085038 0.624317 0.129156 0.040984
6 0.214194 0.623634 0.031969 0.034153
7 0.280691 0.624317 0.170077 0.040984
1 0.039003 0.732923 0.031969 0.034153
3 0.081202 0.733607 0.121483 0.040984
1 0.206522 0.732923 0.031969 0.034153
3 0.250000 0.737705 0.124041 0.049180
1 0.376598 0.732923 0.031969 0.034153
3 0.414962 0.737705 0.113811 0.049180
2 0.314578 0.859290 0.250639 0.068306
