5 0.390625 0.093315 0.375000 0.055710
8 0.302083 0.093315 0.557292 0.061281
5 0.585938 0.201950 0.760417 0.055710
8 0.496094 0.201950 0.945312 0.061281
5 0.559896 0.310585 0.677083 0.055710
8 0.462240 0.310585 0.877604 0.061281
5 0.286458 0.419220 0.234375 0.055710
8 0.214844 0.419220 0.382812 0.061281
5 0.432292 0.527855 0.473958 0.055710
8 0.347656 0.527855 0.648438 0.061281
6 0.038411 0.621866 0.029948 0.032033
7 0.100911 0.621866 0.160156 0.037604
6 0.245443 0.621866 0.029948 0.032033
7 0.326172 0.621866 0.196615 0.037604
6 0.488932 0.621866 0.029948 0.032033
7 0.564453 0.623955 0.186198 0.041783
1 0.038411 0.730501 0.029948 0.032033
3 0.119141 0.730501 0.196615 0.037604
1 0.281901 0.730501 0.029948 0.032033
3 0.318359 0.730501 0.108073 0.037604
2 0.635417 0.855153 0.348958 0.064067
