5 0.510929 0.100000 0.316940 0.065823
8 0.348361 0.100000 0.647541 0.070886
5 0.590164 0.244304 0.475410 0.065823
8 0.427596 0.244304 0.806011 0.070886
5 0.489071 0.388608 0.273224 0.065823
8 0.326503 0.388608 0.603825 0.070886
6 0.044399 0.571519 0.039617 0.036709
7 0.153689 0.573418 0.263661 0.045570
6 0.357240 0.571519 0.039617 0.036709
7 0.400956 0.578481 0.132514 0.055696
1 0.044399 0.715823 0.039617 0.036709
3 0.123634 0.722785 0.203552 0.055696
1 0.297131 0.715823 0.039617 0.036709
3 0.364071 0.717722 0.178962 0.045570
2 0.621585 0.872152 0.434426 0.060759
