5 0.643312 0.088808 0.713376 0.053528
8 0.515924 0.088808 0.974522 0.058394
5 0.426752 0.198297 0.280255 0.053528
8 0.299363 0.198297 0.541401 0.058394
5 0.412420 0.307786 0.251592 0.053528
8 0.285032 0.307786 0.512739 0.058394
5 0.595541 0.417275 0.617834 0.053528
8 0.468153 0.417275 0.878981 0.058394
5 0.608280 0.526764 0.643312 0.053528
8 0.480892 0.526764 0.904459 0.058394
6 0.048567 0.658759 0.039809 0.030414
7 0.147293 0.659367 0.243631 0.036496
1 0.048567 0.768248 0.039809 0.030414
3 0.136146 0.768248 0.221338 0.035280
1 0.327229 0.768248 0.039809 0.030414
3 0.403662 0.768248 0.199045 0.035280
2 0.523885 0.892944 0.302548 0.060827
