0 0.500000 0.153251 0.689008 0.092879
4 0.434316 0.153251 0.825737 0.099071
0 0.361930 0.264706 0.407507 0.092879
4 0.294906 0.264706 0.546917 0.099071
0 0.418231 0.376161 0.509383 0.092879
4 0.348525 0.376161 0.654155 0.099071
0 0.449062 0.487616 0.442359 0.092879
4 0.347185 0.487616 0.651475 0.099071
6 0.045576 0.577399 0.042895 0.049536
7 0.084450 0.577399 0.126005 0.055728
6 0.219839 0.577399 0.042895 0.049536
7 0.309651 0.577399 0.227882 0.055728
6 0.495979 0.577399 0.042895 0.049536
7 0.534853 0.577399 0.126005 0.055728
1 0.045576 0.688854 0.042895 0.049536
3 0.115282 0.688854 0.187668 0.055728
1 0.281501 0.688854 0.042895 0.049536
3 0.356568 0.690402 0.198391 0.058824
2 0.442359 0.808050 0.101877 0.065015
