5 0.520000 0.162651 0.613333 0.050602
8 0.426667 0.162651 0.805333 0.055422
5 0.418667 0.266265 0.394667 0.050602
8 0.321333 0.266265 0.594667 0.055422
5 0.280000 0.369880 0.256000 0.050602
8 0.217333 0.369880 0.386667 0.055422
5 0.253333 0.473494 0.213333 0.050602
8 0.193333 0.473494 0.338667 0.055422
6 0.040000 0.607229 0.032000 0.028916
7 0.084000 0.608434 0.125333 0.036145
6 0.213333 0.607229 0.032000 0.028916
7 0.278667 0.608434 0.168000 0.036145
6 0.429333 0.607229 0.032000 0.028916
7 0.492000 0.612048 0.162667 0.043373
1 0.040000 0.710843 0.032000 0.028916
3 0.116000 0.715663 0.189333 0.043373
1 0.277333 0.710843 0.032000 0.028916
3 0.342667 0.715663 0.168000 0.043373
2 0.372000 0.840964 0.530667 0.081928
