5 0.298969 0.114396 0.324742 0.061697
8 0.243557 0.114396 0.440722 0.066838
5 0.583763 0.253213 0.796392 0.061697
8 0.503866 0.253213 0.961340 0.066838
5 0.373711 0.392031 0.355670 0.061697
8 0.288660 0.392031 0.530928 0.066838
6 0.040593 0.558483 0.034794 0.034704
7 0.070232 0.558483 0.099227 0.039846
6 0.186211 0.558483 0.034794 0.034704
7 0.249356 0.560411 0.166237 0.043702
6 0.398840 0.558483 0.034794 0.034704
7 0.443943 0.558483 0.130155 0.039846
1 0.040593 0.697301 0.034794 0.034704
3 0.075387 0.697301 0.109536 0.039846
1 0.196521 0.697301 0.034794 0.034704
3 0.231314 0.697301 0.109536 0.039846
2 0.409794 0.865039 0.329897 0.092545
