0 0.402062 0.320700 0.572165 0.069971
4 0.355670 0.320700 0.670103 0.075802
0 0.487113 0.405248 0.716495 0.069971
4 0.434278 0.405248 0.827320 0.075802
6 0.039948 0.473761 0.033505 0.037901
7 0.087629 0.473761 0.134021 0.043732
6 0.220361 0.473761 0.033505 0.037901
7 0.282216 0.473761 0.162371 0.043732
1 0.039948 0.558309 0.033505 0.037901
3 0.087629 0.558309 0.134021 0.043732
1 0.220361 0.558309 0.033505 0.037901
3 0.264175 0.558309 0.126289 0.043732
2 0.260309 0.660350 0.324742 0.072886
