0 0.132911 0.139831 0.220253 0.070621
4 0.132911 0.112994 0.225316 0.118644
0 0.339241 0.286723 0.632911 0.070621
4 0.339241 0.259887 0.637975 0.118644
0 0.394937 0.442090 0.744304 0.070621
4 0.394937 0.411017 0.749367 0.127119
6 0.039873 0.567090 0.034177 0.038136
7 0.071519 0.570621 0.102532 0.050847
6 0.187975 0.567090 0.034177 0.038136
7 0.247468 0.570621 0.158228 0.050847
1 0.039873 0.713983 0.034177 0.038136
3 0.081646 0.713983 0.122785 0.043785
1 0.208228 0.713983 0.034177 0.038136
3 0.266456 0.713983 0.155696 0.043785
1 0.409494 0.713983 0.034177 0.038136
3 0.447468 0.717514 0.115190 0.050847
2 0.550633 0.884181 0.326582 0.084746
