7 0.553218 0.219638 0.586634 0.090439
8 0.435644 0.219638 0.826733 0.095607
2 0.045792 0.421189 0.047030 0.049096
5 0.141089 0.421189 0.242574 0.054264
2 0.332921 0.421189 0.047030 0.049096
5 0.392327 0.421189 0.170792 0.054264
3 0.045792 0.583979 0.047030 0.049096
6 0.097772 0.587855 0.155941 0.062016
3 0.246287 0.583979 0.047030 0.049096
6 0.315594 0.587855 0.190594 0.062016
3 0.481436 0.583979 0.047030 0.049096
6 0.540842 0.583979 0.170792 0.054264
1 0.483911 0.768734 0.660891 0.093023
