0 0.252825 0.372751 0.115819 0.046272
4 0.168079 0.372751 0.290960 0.051414
0 0.310734 0.431877 0.293785 0.046272
4 0.241525 0.431877 0.437853 0.051414
6 0.039548 0.480720 0.028249 0.025707
7 0.110169 0.480720 0.175141 0.030848
6 0.265537 0.480720 0.028249 0.025707
7 0.320621 0.480720 0.144068 0.030848
6 0.460452 0.480720 0.028249 0.025707
7 0.495763 0.480720 0.104520 0.030848
1 0.039548 0.539846 0.028249 0.025707
3 0.122881 0.539846 0.200565 0.030848
2 0.597458 0.631105 0.471751 0.089974
