0 0.361538 0.228155 0.676923 0.055825
4 0.361538 0.208738 0.682051 0.089806
0 0.178205 0.322816 0.310256 0.055825
4 0.178205 0.303398 0.315385 0.089806
0 0.247436 0.417476 0.448718 0.055825
4 0.247436 0.398058 0.453846 0.089806
0 0.293590 0.512136 0.541026 0.055825
4 0.293590 0.492718 0.546154 0.089806
2 0.039103 0.596481 0.032051 0.030340
5 0.082692 0.597087 0.124359 0.036408
3 0.039103 0.691141 0.032051 0.030340
6 0.118590 0.691748 0.196154 0.036408
1 0.347436 0.805825 0.433333 0.070388
