5 0.400974 0.161667 0.250000 0.090000
8 0.279221 0.161667 0.500000 0.096667
5 0.621753 0.315000 0.542208 0.090000
8 0.462662 0.315000 0.866883 0.096667
6 0.053571 0.445000 0.048701 0.050000
7 0.102273 0.445000 0.152597 0.056667
1 0.053571 0.598333 0.048701 0.050000
3 0.142857 0.598333 0.233766 0.056667
1 0.345779 0.598333 0.048701 0.050000
3 0.394481 0.598333 0.152597 0.056667
1 0.556818 0.598333 0.048701 0.050000
3 0.688312 0.598333 0.318182 0.056667
2 0.275974 0.770000 0.110390 0.086667
