0 0.498615 0.137380 0.443213 0.057508
4 0.372576 0.137380 0.700831 0.063898
0 0.480609 0.223642 0.473684 0.057508
4 0.371191 0.223642 0.698061 0.063898
0 0.358726 0.309904 0.202216 0.057508
4 0.242382 0.309904 0.440443 0.063898
0 0.351801 0.396166 0.177285 0.057508
4 0.232687 0.396166 0.421053 0.063898
0 0.389197 0.482428 0.235457 0.057508
4 0.265928 0.482428 0.487535 0.063898
0 0.619114 0.568690 0.722992 0.057508
4 0.502770 0.568690 0.961219 0.063898
6 0.038781 0.642173 0.027701 0.031949
7 0.076177 0.642173 0.108033 0.038339
6 0.196676 0.642173 0.027701 0.031949
7 0.256233 0.645367 0.152355 0.044728
6 0.398892 0.642173 0.027701 0.031949
7 0.430748 0.642173 0.096953 0.038339
1 0.038781 0.728435 0.027701 0.031949
3 0.070637 0.728435 0.096953 0.038339
2 0.506925 0.845048 0.454294 0.092652
