5 0.283912 0.214096 0.126183 0.087766
8 0.189274 0.214096 0.321767 0.093085
6 0.056782 0.428191 0.056782 0.047872
7 0.178233 0.437500 0.305994 0.071809
6 0.419558 0.428191 0.056782 0.047872
7 0.507886 0.430851 0.239748 0.058511
6 0.716088 0.428191 0.056782 0.047872
7 0.783912 0.430851 0.198738 0.058511
1 0.056782 0.593085 0.056782 0.047872
3 0.164038 0.602394 0.277603 0.071809
1 0.391167 0.593085 0.056782 0.047872
3 0.449527 0.595745 0.179811 0.058511
1 0.627760 0.593085 0.056782 0.047872
3 0.739748 0.595745 0.287066 0.058511
2 0.509464 0.777926 0.129338 0.087766
