7 0.570905 0.063536 0.579462 0.055249
8 0.442543 0.063536 0.841076 0.060773
7 0.540342 0.179558 0.518337 0.055249
8 0.411980 0.179558 0.779951 0.060773
7 0.612469 0.295580 0.662592 0.055249
8 0.484108 0.295580 0.924205 0.060773
7 0.529340 0.411602 0.496333 0.055249
8 0.400978 0.411602 0.757946 0.060773
7 0.617359 0.527624 0.672372 0.055249
8 0.488998 0.527624 0.933985 0.060773
2 0.036064 0.629144 0.028117 0.031768
5 0.095966 0.629144 0.152812 0.037293
2 0.232885 0.629144 0.028117 0.031768
5 0.306235 0.629144 0.179707 0.037293
2 0.456601 0.629144 0.028117 0.031768
5 0.512836 0.629144 0.145477 0.037293
2 0.646088 0.629144 0.028117 0.031768
5 0.714548 0.629144 0.169927 0.037293
3 0.036064 0.745166 0.028117 0.031768
6 0.104523 0.745166 0.169927 0.037293
3 0.250000 0.745166 0.028117 0.031768
6 0.285452 0.745166 0.103912 0.037293
3 0.397922 0.745166 0.028117 0.031768
6 0.454156 0.745166 0.145477 0.037293
1 0.442543 0.874309 0.386308 0.058011
