5 0.522785 0.132075 0.670886 0.056604
8 0.441772 0.132075 0.837975 0.061995
5 0.432911 0.264151 0.602532 0.056604
8 0.379747 0.264151 0.713924 0.061995
5 0.574684 0.396226 0.764557 0.056604
8 0.491139 0.396226 0.936709 0.061995
6 0.037975 0.561995 0.030380 0.032345
7 0.081013 0.567385 0.121519 0.048518
6 0.205063 0.561995 0.030380 0.032345
7 0.239241 0.563342 0.103797 0.040431
1 0.037975 0.694070 0.030380 0.032345
3 0.070886 0.695418 0.101266 0.040431
2 0.696203 0.842318 0.268354 0.064690
