7 0.577247 0.141304 0.463483 0.050725
8 0.418539 0.141304 0.786517 0.055556
7 0.435393 0.269324 0.179775 0.050725
8 0.276685 0.269324 0.502809 0.055556
7 0.594101 0.397343 0.497191 0.050725
8 0.435393 0.397343 0.820225 0.055556
2 0.042135 0.548309 0.033708 0.028986
5 0.110955 0.548309 0.176966 0.033816
2 0.269663 0.548309 0.033708 0.028986
5 0.306180 0.549517 0.112360 0.036232
2 0.432584 0.548309 0.033708 0.028986
5 0.519663 0.549517 0.213483 0.036232
3 0.042135 0.676329 0.033708 0.028986
6 0.123596 0.677536 0.202247 0.036232
1 0.540730 0.814010 0.238764 0.048309
