7 0.636213 0.167590 0.687708 0.055402
8 0.506645 0.167590 0.953488 0.060942
7 0.556478 0.311634 0.528239 0.055402
8 0.426910 0.311634 0.794020 0.060942
2 0.049003 0.477147 0.038206 0.031856
5 0.092193 0.477147 0.131229 0.037396
2 0.240033 0.477147 0.038206 0.031856
5 0.326412 0.477147 0.217608 0.037396
2 0.517442 0.477147 0.038206 0.031856
5 0.615449 0.477147 0.240864 0.037396
3 0.049003 0.621191 0.038206 0.031856
6 0.125415 0.621191 0.197674 0.037396
1 0.544850 0.777008 0.112957 0.055402
