7 0.486181 0.241463 0.419598 0.068293
8 0.360553 0.241463 0.675879 0.073171
7 0.467337 0.358537 0.381910 0.068293
8 0.341709 0.358537 0.638191 0.073171
2 0.042085 0.457927 0.038945 0.037805
5 0.098618 0.460976 0.157035 0.048780
2 0.244347 0.457927 0.038945 0.037805
5 0.304648 0.460976 0.164573 0.048780
2 0.454146 0.457927 0.038945 0.037805
5 0.550879 0.460976 0.237437 0.048780
3 0.042085 0.575000 0.038945 0.037805
6 0.102387 0.578049 0.164573 0.048780
3 0.251884 0.575000 0.038945 0.037805
6 0.400126 0.582927 0.340452 0.058537
3 0.637563 0.575000 0.038945 0.037805
6 0.743090 0.582927 0.255025 0.058537
1 0.540201 0.700000 0.306533 0.053659
