7 0.492355 0.146667 0.422018 0.115556
8 0.366972 0.146667 0.678899 0.124444
7 0.444954 0.311111 0.266055 0.115556
8 0.304281 0.311111 0.553517 0.124444
2 0.049694 0.445556 0.044343 0.064444
5 0.118502 0.446667 0.188073 0.075556
2 0.292813 0.445556 0.044343 0.064444
5 0.393731 0.446667 0.252294 0.075556
3 0.049694 0.610000 0.044343 0.064444
6 0.127676 0.611111 0.206422 0.075556
3 0.311162 0.610000 0.044343 0.064444
6 0.412080 0.611111 0.252294 0.075556
1 0.180428 0.786667 0.287462 0.088889
