5 0.556579 0.083333 0.713158 0.068783
8 0.469737 0.083333 0.892105 0.074074
5 0.322368 0.165344 0.244737 0.068783
8 0.235526 0.165344 0.423684 0.074074
5 0.493421 0.247354 0.655263 0.068783
8 0.423684 0.247354 0.800000 0.074074
5 0.253947 0.329365 0.123684 0.068783
8 0.171053 0.329365 0.294737 0.074074
5 0.467105 0.411376 0.476316 0.068783
8 0.365789 0.411376 0.684211 0.074074
5 0.310526 0.493386 0.289474 0.068783
8 0.240789 0.493386 0.434211 0.074074
5 0.402632 0.575397 0.405263 0.068783
8 0.315789 0.575397 0.584211 0.074074
5 0.551316 0.657407 0.702632 0.068783
8 0.464474 0.657407 0.881579 0.074074
6 0.042763 0.721561 0.038158 0.038360
7 0.117763 0.723545 0.193421 0.047619
6 0.283553 0.721561 0.038158 0.038360
7 0.374342 0.723545 0.225000 0.047619
1 0.042763 0.803571 0.038158 0.038360
3 0.126974 0.803571 0.211842 0.043651
2 0.876316 0.906085 0.115789 0.079365
