7 0.391026 0.070175 0.253846 0.042607
8 0.271795 0.070175 0.497436 0.047619
7 0.492308 0.130326 0.456410 0.042607
8 0.373077 0.130326 0.700000 0.047619
7 0.434615 0.190476 0.341026 0.042607
8 0.315385 0.190476 0.584615 0.047619
7 0.616667 0.250627 0.705128 0.042607
8 0.497436 0.250627 0.948718 0.047619
7 0.567949 0.310777 0.607692 0.042607
8 0.448718 0.310777 0.851282 0.047619
7 0.514103 0.370927 0.500000 0.042607
8 0.394872 0.370927 0.743590 0.047619
7 0.629487 0.431078 0.730769 0.042607
8 0.510256 0.431078 0.974359 0.047619
7 0.571795 0.491228 0.615385 0.042607
8 0.452564 0.491228 0.858974 0.047619
7 0.505128 0.551378 0.482051 0.042607
8 0.385897 0.551378 0.725641 0.047619
7 0.573077 0.611529 0.617949 0.042607
8 0.453846 0.611529 0.861538 0.047619
7 0.632051 0.671679 0.735897 0.042607
8 0.512821 0.671679 0.979487 0.047619
7 0.391026 0.731830 0.253846 0.042607
8 0.271795 0.731830 0.497436 0.047619
2 0.035897 0.780702 0.025641 0.025063
5 0.082051 0.780702 0.123077 0.030075
2 0.205128 0.780702 0.025641 0.025063
5 0.250000 0.780702 0.120513 0.030075
3 0.035897 0.840852 0.025641 0.025063
6 0.067949 0.840852 0.094872 0.030075
3 0.176923 0.840852 0.025641 0.025063
6 0.225641 0.840852 0.128205 0.030075
3 0.351282 0.840852 0.025641 0.025063
6 0.402564 0.840852 0.133333 0.030075
1 0.594872 0.922306 0.097436 0.067669
