7 0.616883 0.174324 0.753247 0.078378
8 0.512987 0.174324 0.967532 0.083784
7 0.564935 0.320270 0.655844 0.078378
8 0.462662 0.320270 0.866883 0.083784
2 0.055195 0.502703 0.051948 0.043243
5 0.193182 0.506757 0.334416 0.056757
2 0.448052 0.502703 0.051948 0.043243
5 0.553571 0.502703 0.269481 0.048649
3 0.055195 0.648649 0.051948 0.043243
6 0.129870 0.648649 0.207792 0.048649
3 0.321429 0.648649 0.051948 0.043243
6 0.387987 0.648649 0.191558 0.048649
3 0.571429 0.648649 0.051948 0.043243
6 0.683442 0.648649 0.282468 0.048649
1 0.597403 0.817568 0.474026 0.089189
