0 0.562682 0.079082 0.268222 0.091837
4 0.361516 0.079082 0.676385 0.096939
0 0.600583 0.211735 0.326531 0.091837
4 0.395044 0.211735 0.743440 0.096939
0 0.583090 0.344388 0.309038 0.091837
4 0.381924 0.344388 0.717201 0.096939
0 0.688047 0.477041 0.530612 0.091837
4 0.489796 0.477041 0.932945 0.096939
2 0.053936 0.588010 0.055394 0.048469
5 0.176385 0.588010 0.306122 0.053571
3 0.053936 0.720663 0.055394 0.048469
6 0.119534 0.720663 0.192420 0.053571
3 0.298834 0.720663 0.055394 0.048469
6 0.411079 0.720663 0.285714 0.053571
3 0.637026 0.720663 0.055394 0.048469
6 0.750729 0.720663 0.288630 0.053571
1 0.590379 0.854592 0.428571 0.051020
