0 0.226044 0.243243 0.407862 0.081081
4 0.226044 0.210210 0.412776 0.141141
2 0.039926 0.407658 0.035627 0.043544
5 0.146806 0.415916 0.254300 0.066066
2 0.338452 0.407658 0.035627 0.043544
5 0.452703 0.409910 0.269042 0.054054
2 0.651720 0.407658 0.035627 0.043544
5 0.703317 0.409910 0.143735 0.054054
2 0.839681 0.407658 0.035627 0.043544
5 0.902334 0.415916 0.165848 0.066066
3 0.039926 0.584835 0.035627 0.043544
6 0.146806 0.593093 0.254300 0.066066
1 0.654791 0.777778 0.312039 0.075075
