0 0.169761 0.219849 0.291777 0.080402
4 0.169761 0.184673 0.297082 0.145729
0 0.261273 0.363065 0.474801 0.080402
4 0.261273 0.332915 0.480106 0.135678
6 0.046419 0.502513 0.045093 0.042714
7 0.164456 0.503769 0.286472 0.050251
1 0.046419 0.655779 0.045093 0.042714
3 0.149867 0.657035 0.257294 0.050251
1 0.351459 0.655779 0.045093 0.042714
3 0.437666 0.657035 0.222812 0.050251
1 0.622016 0.655779 0.045093 0.042714
3 0.755968 0.662060 0.318302 0.060302
2 0.343501 0.817839 0.395225 0.060302
