5 0.428928 0.261773 0.543641 0.066482
8 0.362843 0.261773 0.680798 0.072022
5 0.410224 0.339335 0.556110 0.066482
8 0.356608 0.339335 0.668329 0.072022
5 0.506234 0.416898 0.743142 0.066482
8 0.451372 0.416898 0.857855 0.072022
5 0.305486 0.494460 0.246883 0.066482
8 0.226933 0.494460 0.408978 0.072022
6 0.039277 0.554709 0.033666 0.037396
7 0.096633 0.554709 0.153367 0.042936
6 0.237531 0.554709 0.033666 0.037396
7 0.323566 0.558172 0.210723 0.049861
6 0.493142 0.554709 0.033666 0.037396
7 0.572943 0.554709 0.198254 0.042936
1 0.039277 0.632271 0.033666 0.037396
3 0.109102 0.635734 0.178304 0.049861
1 0.262469 0.632271 0.033666 0.037396
3 0.328554 0.635734 0.170823 0.049861
1 0.478180 0.632271 0.033666 0.037396
3 0.514339 0.632271 0.110973 0.042936
1 0.634040 0.632271 0.033666 0.037396
3 0.666459 0.635734 0.103491 0.049861
2 0.778055 0.721607 0.344140 0.060942
