0 0.614130 0.098425 0.576087 0.094488
4 0.463315 0.098425 0.883152 0.099738
0 0.543478 0.276903 0.505435 0.094488
4 0.410326 0.276903 0.777174 0.099738
6 0.050272 0.433071 0.051630 0.049869
7 0.112772 0.433071 0.182065 0.055118
6 0.281250 0.433071 0.051630 0.049869
7 0.394022 0.433071 0.282609 0.055118
1 0.050272 0.611549 0.051630 0.049869
3 0.209239 0.611549 0.375000 0.055118
1 0.474185 0.611549 0.051630 0.049869
3 0.625000 0.611549 0.358696 0.055118
2 0.269022 0.803150 0.472826 0.076115
