5 0.525000 0.209366 0.460000 0.079890
8 0.390000 0.209366 0.735000 0.085399
6 0.042500 0.414601 0.040000 0.044077
7 0.146250 0.420110 0.252500 0.060606
6 0.340000 0.414601 0.040000 0.044077
7 0.462500 0.414601 0.290000 0.049587
6 0.675000 0.414601 0.040000 0.044077
7 0.790000 0.414601 0.275000 0.049587
1 0.042500 0.579890 0.040000 0.044077
3 0.102500 0.579890 0.165000 0.049587
1 0.252500 0.579890 0.040000 0.044077
3 0.301250 0.579890 0.142500 0.049587
2 0.397500 0.757576 0.560000 0.068871
