7 0.669255 0.077225 0.493789 0.081152
8 0.473602 0.077225 0.891304 0.086387
7 0.566770 0.231675 0.288820 0.081152
8 0.371118 0.231675 0.686335 0.086387
7 0.614907 0.386126 0.385093 0.081152
8 0.419255 0.386126 0.782609 0.086387
2 0.054348 0.587696 0.052795 0.044503
5 0.163043 0.590314 0.276398 0.054974
3 0.054348 0.742147 0.052795 0.044503
6 0.124224 0.751309 0.198758 0.068063
3 0.309006 0.742147 0.052795 0.044503
6 0.444099 0.744764 0.329193 0.054974
1 0.147516 0.914921 0.220497 0.081152
