5 0.582921 0.244595 0.695545 0.062162
8 0.477723 0.244595 0.910891 0.067568
6 0.038366 0.371622 0.032178 0.035135
7 0.070545 0.372973 0.101485 0.043243
1 0.038366 0.514865 0.032178 0.035135
3 0.089109 0.514865 0.138614 0.040541
1 0.221535 0.514865 0.032178 0.035135
3 0.272277 0.514865 0.138614 0.040541
1 0.404703 0.514865 0.032178 0.035135
3 0.470297 0.514865 0.168317 0.040541
1 0.617574 0.514865 0.032178 0.035135
3 0.657178 0.514865 0.116337 0.040541
2 0.425743 0.683784 0.247525 0.086486
