0 0.304569 0.172194 0.563452 0.058673
4 0.304569 0.147959 0.568528 0.102041
0 0.205584 0.297194 0.365482 0.058673
4 0.205584 0.276786 0.370558 0.094388
0 0.286802 0.429847 0.527919 0.058673
4 0.286802 0.409439 0.532995 0.094388
2 0.038706 0.551658 0.031726 0.031888
5 0.081853 0.551658 0.123096 0.036990
2 0.207487 0.551658 0.031726 0.031888
5 0.255711 0.551658 0.133249 0.036990
3 0.038706 0.684311 0.031726 0.031888
6 0.074239 0.684311 0.107868 0.036990
3 0.192259 0.684311 0.031726 0.031888
6 0.243020 0.684311 0.138325 0.036990
1 0.280457 0.844388 0.261421 0.086735
