5 0.317439 0.213504 0.258856 0.065693
8 0.237057 0.213504 0.425068 0.072993
5 0.480926 0.341241 0.542234 0.065693
8 0.389646 0.341241 0.730245 0.072993
6 0.038828 0.451642 0.028610 0.038321
7 0.112398 0.451642 0.181199 0.045620
6 0.269074 0.451642 0.028610 0.038321
7 0.299046 0.451642 0.094005 0.045620
6 0.412125 0.451642 0.028610 0.038321
7 0.466621 0.451642 0.143052 0.045620
1 0.038828 0.579380 0.028610 0.038321
3 0.081063 0.579380 0.118529 0.045620
1 0.206403 0.579380 0.028610 0.038321
3 0.259537 0.579380 0.140327 0.045620
2 0.497275 0.748175 0.416894 0.120438
