5 0.594366 0.180798 0.507042 0.072319
8 0.438028 0.180798 0.825352 0.077307
5 0.401408 0.322943 0.121127 0.072319
8 0.245070 0.322943 0.439437 0.077307
6 0.047887 0.493766 0.045070 0.039900
7 0.135211 0.495012 0.225352 0.047382
6 0.323944 0.493766 0.045070 0.039900
7 0.370423 0.495012 0.143662 0.047382
1 0.047887 0.635910 0.045070 0.039900
3 0.115493 0.635910 0.185915 0.044888
1 0.284507 0.635910 0.045070 0.039900
3 0.335211 0.635910 0.152113 0.044888
2 0.591549 0.783042 0.490141 0.049875
