5 0.593434 0.091566 0.636364 0.050602
8 0.468434 0.091566 0.891414 0.055422
5 0.390152 0.163855 0.229798 0.050602
8 0.265152 0.163855 0.484848 0.055422
5 0.340909 0.236145 0.131313 0.050602
8 0.215909 0.236145 0.386364 0.055422
5 0.401515 0.308434 0.252525 0.050602
8 0.276515 0.308434 0.507576 0.055422
5 0.325758 0.380723 0.101010 0.050602
8 0.200758 0.380723 0.356061 0.055422
5 0.387626 0.453012 0.224747 0.050602
8 0.262626 0.453012 0.479798 0.055422
5 0.609848 0.525301 0.669192 0.050602
8 0.484848 0.525301 0.924242 0.055422
5 0.386364 0.597590 0.222222 0.050602
8 0.261364 0.597590 0.477273 0.055422
5 0.506313 0.669880 0.462121 0.050602
8 0.381313 0.669880 0.717172 0.055422
6 0.037879 0.728916 0.030303 0.028916
7 0.094697 0.732530 0.148990 0.040964
6 0.232323 0.728916 0.030303 0.028916
7 0.266414 0.728916 0.103535 0.033735
6 0.381313 0.728916 0.030303 0.028916
7 0.449495 0.728916 0.171717 0.033735
1 0.037879 0.801205 0.030303 0.028916
3 0.075758 0.804819 0.111111 0.040964
1 0.194444 0.801205 0.030303 0.028916
3 0.224747 0.804819 0.095960 0.040964
1 0.335859 0.801205 0.030303 0.028916
3 0.410354 0.801205 0.184343 0.033735
2 0.473485 0.881928 0.310606 0.045783
