0 0.272959 0.159763 0.275510 0.053254
4 0.216837 0.159763 0.392857 0.059172
0 0.400510 0.281065 0.500000 0.053254
4 0.336735 0.281065 0.632653 0.059172
0 0.344388 0.402367 0.474490 0.053254
4 0.302296 0.402367 0.563776 0.059172
6 0.035714 0.511834 0.025510 0.029586
7 0.088010 0.513314 0.135204 0.038462
1 0.035714 0.633136 0.025510 0.029586
3 0.063776 0.633136 0.086735 0.035503
1 0.168367 0.633136 0.025510 0.029586
3 0.220663 0.634615 0.135204 0.038462
1 0.349490 0.633136 0.025510 0.029586
3 0.406888 0.633136 0.145408 0.035503
2 0.380102 0.770710 0.464286 0.062130
