0 0.165404 0.173130 0.285354 0.083102
4 0.165404 0.138504 0.290404 0.146814
0 0.282828 0.344875 0.520202 0.083102
4 0.282828 0.310249 0.525253 0.146814
6 0.042929 0.502770 0.040404 0.044321
7 0.125000 0.506925 0.209596 0.058172
6 0.297980 0.502770 0.040404 0.044321
7 0.343434 0.506925 0.136364 0.058172
6 0.479798 0.502770 0.040404 0.044321
7 0.549242 0.506925 0.184343 0.058172
1 0.042929 0.674515 0.040404 0.044321
3 0.102273 0.684211 0.164141 0.069252
1 0.252525 0.674515 0.040404 0.044321
3 0.377525 0.684211 0.295455 0.069252
1 0.593434 0.674515 0.040404 0.044321
3 0.694444 0.684211 0.247475 0.069252
2 0.280303 0.864266 0.287879 0.080332
