0 0.391421 0.325062 0.734584 0.049628
4 0.391421 0.306452 0.739946 0.081886
0 0.426273 0.421836 0.804290 0.049628
4 0.426273 0.400744 0.809651 0.086849
2 0.038874 0.497519 0.029491 0.027295
5 0.124665 0.497519 0.206434 0.032258
2 0.293566 0.497519 0.029491 0.027295
5 0.356568 0.497519 0.160858 0.032258
2 0.502681 0.497519 0.029491 0.027295
5 0.581769 0.497519 0.193029 0.032258
3 0.038874 0.589330 0.029491 0.027295
6 0.075067 0.589330 0.107239 0.032258
3 0.194370 0.589330 0.029491 0.027295
6 0.234584 0.589330 0.115282 0.032258
3 0.357909 0.589330 0.029491 0.027295
6 0.423592 0.589330 0.166220 0.032258
1 0.217158 0.696030 0.198391 0.057072
