7 0.351250 0.125000 0.187500 0.087766
8 0.235000 0.125000 0.425000 0.093085
7 0.353750 0.292553 0.192500 0.087766
8 0.237500 0.292553 0.430000 0.093085
2 0.045000 0.511968 0.045000 0.047872
5 0.132500 0.515957 0.225000 0.061170
2 0.315000 0.511968 0.045000 0.047872
5 0.428750 0.515957 0.277500 0.061170
2 0.637500 0.511968 0.045000 0.047872
5 0.698750 0.515957 0.172500 0.061170
3 0.045000 0.679521 0.045000 0.047872
6 0.132500 0.683511 0.225000 0.061170
1 0.563750 0.861702 0.197500 0.077128
