0 0.436145 0.127451 0.433735 0.044118
4 0.337349 0.127451 0.636145 0.049020
0 0.597590 0.225490 0.708434 0.044118
4 0.486747 0.225490 0.934940 0.049020
0 0.519277 0.323529 0.600000 0.044118
4 0.420482 0.323529 0.802410 0.049020
0 0.361446 0.421569 0.250602 0.044118
4 0.254217 0.421569 0.469880 0.049020
0 0.572289 0.519608 0.686747 0.044118
4 0.468675 0.519608 0.898795 0.049020
6 0.033735 0.607843 0.024096 0.024510
7 0.060241 0.607843 0.081928 0.029412
1 0.033735 0.705882 0.024096 0.024510
3 0.075904 0.705882 0.113253 0.029412
1 0.190361 0.705882 0.024096 0.024510
3 0.232530 0.705882 0.113253 0.029412
2 0.269880 0.827206 0.221687 0.071078
