5 0.613300 0.259804 0.512315 0.107843
8 0.447044 0.259804 0.849754 0.114379
6 0.044335 0.379085 0.044335 0.058824
7 0.108374 0.383987 0.177340 0.075163
6 0.266010 0.379085 0.044335 0.058824
7 0.326355 0.392157 0.169951 0.091503
6 0.480296 0.379085 0.044335 0.058824
7 0.626847 0.383987 0.342365 0.075163
1 0.044335 0.526144 0.044335 0.058824
3 0.181034 0.539216 0.322660 0.091503
1 0.411330 0.526144 0.044335 0.058824
3 0.475369 0.531046 0.177340 0.075163
1 0.633005 0.526144 0.044335 0.058824
3 0.779557 0.531046 0.342365 0.075163
2 0.322660 0.700980 0.142857 0.114379
