7 0.480519 0.116622 0.633766 0.048257
8 0.411688 0.116622 0.776623 0.053619
7 0.300000 0.218499 0.205195 0.048257
8 0.214286 0.218499 0.381818 0.053619
7 0.346753 0.320375 0.418182 0.048257
8 0.290909 0.320375 0.535065 0.053619
7 0.300000 0.422252 0.153247 0.048257
8 0.201299 0.422252 0.355844 0.053619
7 0.510390 0.524129 0.677922 0.048257
8 0.437662 0.524129 0.828571 0.053619
2 0.037013 0.648123 0.027273 0.028150
5 0.096753 0.648794 0.151948 0.034853
2 0.235714 0.648123 0.027273 0.028150
5 0.312338 0.648123 0.185714 0.033512
3 0.037013 0.750000 0.027273 0.028150
6 0.077273 0.750000 0.112987 0.033512
3 0.196753 0.750000 0.027273 0.028150
6 0.286364 0.750670 0.211688 0.034853
1 0.645455 0.882038 0.376623 0.088472
