5 0.585575 0.117105 0.735941 0.071053
8 0.488998 0.117105 0.933985 0.076316
5 0.567237 0.256579 0.811736 0.071053
8 0.498778 0.256579 0.953545 0.076316
5 0.370416 0.396053 0.325183 0.071053
8 0.278729 0.396053 0.513447 0.076316
6 0.040342 0.575000 0.036675 0.039474
7 0.110024 0.576316 0.180929 0.047368
1 0.040342 0.714474 0.036675 0.039474
3 0.079462 0.721053 0.119804 0.057895
1 0.204156 0.714474 0.036675 0.039474
3 0.278729 0.715789 0.190709 0.047368
1 0.438875 0.714474 0.036675 0.039474
3 0.536675 0.715789 0.237164 0.047368
2 0.300733 0.859211 0.293399 0.050000
