0 0.383978 0.116992 0.342541 0.066852
4 0.290055 0.116992 0.535912 0.072423
0 0.397790 0.208914 0.447514 0.066852
4 0.323204 0.208914 0.602210 0.072423
0 0.564917 0.300836 0.765193 0.066852
4 0.486188 0.300836 0.928177 0.072423
0 0.488950 0.392758 0.530387 0.066852
4 0.389503 0.392758 0.734807 0.072423
0 0.319061 0.484680 0.251381 0.066852
4 0.234807 0.484680 0.425414 0.072423
0 0.542818 0.576602 0.599448 0.066852
4 0.433702 0.576602 0.823204 0.072423
2 0.042818 0.653203 0.035912 0.036212
5 0.092541 0.653203 0.140884 0.041783
3 0.042818 0.745125 0.035912 0.036212
6 0.082873 0.745125 0.121547 0.041783
3 0.214088 0.745125 0.035912 0.036212
6 0.323204 0.746518 0.259669 0.044568
1 0.642265 0.857939 0.118785 0.077994
