0 0.534667 0.105839 0.690667 0.051095
4 0.452000 0.105839 0.861333 0.055961
0 0.573333 0.225061 0.682667 0.051095
4 0.469333 0.225061 0.896000 0.055961
0 0.464000 0.344282 0.485333 0.051095
4 0.365333 0.344282 0.688000 0.055961
0 0.426667 0.463504 0.389333 0.051095
4 0.322667 0.463504 0.602667 0.055961
6 0.039333 0.571168 0.030667 0.027981
7 0.114000 0.571168 0.185333 0.032847
6 0.272667 0.571168 0.030667 0.027981
7 0.334000 0.571168 0.158667 0.032847
6 0.479333 0.571168 0.030667 0.027981
7 0.519333 0.571168 0.116000 0.032847
1 0.039333 0.690389 0.030667 0.027981
3 0.080667 0.690389 0.118667 0.032847
1 0.206000 0.690389 0.030667 0.027981
3 0.244667 0.690389 0.113333 0.032847
2 0.350667 0.836983 0.296000 0.082725
