0 0.498387 0.172805 0.351613 0.065156
4 0.351613 0.172805 0.651613 0.070822
0 0.629032 0.291785 0.574194 0.065156
4 0.472581 0.291785 0.893548 0.070822
0 0.424194 0.410765 0.183871 0.065156
4 0.272581 0.410765 0.493548 0.070822
2 0.049194 0.514873 0.040323 0.035411
5 0.137903 0.518414 0.224194 0.048159
2 0.331452 0.514873 0.040323 0.035411
5 0.392742 0.518414 0.169355 0.048159
2 0.558871 0.514873 0.040323 0.035411
5 0.607258 0.518414 0.143548 0.048159
3 0.049194 0.633853 0.040323 0.035411
6 0.102419 0.633853 0.153226 0.041076
3 0.260484 0.633853 0.040323 0.035411
6 0.307258 0.637394 0.140323 0.048159
1 0.201613 0.779037 0.248387 0.087819
