0 0.458882 0.099185 0.562500 0.067935
4 0.384868 0.099185 0.717105 0.073370
0 0.582237 0.243207 0.690789 0.067935
4 0.478618 0.243207 0.904605 0.073370
0 0.541118 0.387228 0.496711 0.067935
4 0.409539 0.387228 0.766447 0.073370
2 0.051809 0.515625 0.044408 0.036685
5 0.114309 0.515625 0.175987 0.042120
3 0.051809 0.659647 0.044408 0.036685
6 0.112664 0.659647 0.172697 0.042120
3 0.283717 0.659647 0.044408 0.036685
6 0.347862 0.663043 0.179276 0.048913
1 0.442434 0.815217 0.351974 0.059783
