7 0.484802 0.138132 0.331307 0.070039
8 0.340426 0.138132 0.626140 0.077821
7 0.651976 0.270428 0.665653 0.070039
8 0.507599 0.270428 0.960486 0.077821
7 0.436170 0.402724 0.234043 0.070039
8 0.291793 0.402724 0.528875 0.077821
2 0.043313 0.563230 0.031915 0.040856
5 0.104103 0.563230 0.159574 0.048638
2 0.257599 0.563230 0.031915 0.040856
5 0.297112 0.563230 0.117021 0.048638
3 0.043313 0.695525 0.031915 0.040856
6 0.073708 0.695525 0.098784 0.048638
3 0.196809 0.695525 0.031915 0.040856
6 0.227204 0.695525 0.098784 0.048638
3 0.350304 0.695525 0.031915 0.040856
6 0.409574 0.695525 0.156535 0.048638
1 0.513678 0.861868 0.486322 0.108949
