5 0.435829 0.085608 0.320856 0.044665
8 0.311497 0.085608 0.574866 0.049628
5 0.612299 0.165012 0.673797 0.044665
8 0.487968 0.165012 0.927807 0.049628
5 0.310160 0.244417 0.069519 0.044665
8 0.185829 0.244417 0.323529 0.049628
5 0.473262 0.323821 0.395722 0.044665
8 0.348930 0.323821 0.649733 0.049628
5 0.399733 0.403226 0.248663 0.044665
8 0.275401 0.403226 0.502674 0.049628
5 0.580214 0.482630 0.609626 0.044665
8 0.455882 0.482630 0.863636 0.049628
5 0.584225 0.562035 0.617647 0.044665
8 0.459893 0.562035 0.871658 0.049628
5 0.512032 0.641439 0.473262 0.044665
8 0.387701 0.641439 0.727273 0.049628
6 0.038102 0.709057 0.028075 0.026055
7 0.107620 0.712159 0.172460 0.037221
6 0.258690 0.709057 0.028075 0.026055
7 0.336230 0.712159 0.188503 0.037221
6 0.495321 0.709057 0.028075 0.026055
7 0.559492 0.709057 0.161765 0.031017
1 0.038102 0.788462 0.028075 0.026055
3 0.112968 0.791563 0.183155 0.037221
1 0.269385 0.788462 0.028075 0.026055
3 0.314840 0.788462 0.124332 0.031017
2 0.310160 0.894541 0.572193 0.079404
