0 0.617333 0.263538 0.642667 0.075812
4 0.481333 0.263538 0.920000 0.083032
0 0.376000 0.371841 0.170667 0.075812
4 0.242667 0.371841 0.442667 0.083032
2 0.039333 0.462996 0.030667 0.041516
5 0.103333 0.462996 0.164000 0.048736
3 0.039333 0.571300 0.030667 0.041516
6 0.088667 0.571300 0.134667 0.048736
3 0.222000 0.571300 0.030667 0.041516
6 0.291333 0.574007 0.174667 0.054152
3 0.444667 0.571300 0.030667 0.041516
6 0.490000 0.571300 0.126667 0.048736
1 0.554667 0.714801 0.448000 0.111913
