5 0.590144 0.168067 0.305288 0.098039
8 0.383413 0.168067 0.723558 0.103641
6 0.044471 0.411765 0.045673 0.053221
7 0.111779 0.414566 0.185096 0.064426
6 0.272837 0.411765 0.045673 0.053221
7 0.349760 0.414566 0.204327 0.064426
6 0.520433 0.411765 0.045673 0.053221
7 0.629808 0.414566 0.269231 0.064426
1 0.044471 0.602241 0.045673 0.053221
3 0.106971 0.605042 0.175481 0.064426
1 0.263221 0.602241 0.045673 0.053221
3 0.372596 0.612045 0.269231 0.078431
1 0.575721 0.602241 0.045673 0.053221
3 0.709135 0.612045 0.317308 0.078431
2 0.727163 0.808123 0.117788 0.084034
