0 0.450758 0.194245 0.502525 0.075540
4 0.362374 0.194245 0.684343 0.082734
0 0.479798 0.291367 0.691919 0.075540
4 0.424242 0.291367 0.808081 0.082734
0 0.198232 0.388489 0.133838 0.075540
4 0.143939 0.388489 0.247475 0.082734
0 0.393939 0.485612 0.353535 0.075540
4 0.296717 0.485612 0.553030 0.082734
6 0.037247 0.565647 0.029040 0.041367
7 0.097854 0.565647 0.155303 0.048561
1 0.037247 0.662770 0.029040 0.041367
3 0.115530 0.662770 0.190657 0.048561
1 0.273359 0.662770 0.029040 0.041367
3 0.308712 0.662770 0.104798 0.048561
2 0.313131 0.771583 0.429293 0.064748
