0 0.241590 0.193421 0.428135 0.094737
4 0.241590 0.152632 0.434251 0.171053
0 0.233945 0.351316 0.412844 0.094737
4 0.233945 0.317105 0.418960 0.157895
6 0.056575 0.507895 0.058104 0.050000
7 0.207951 0.515789 0.366972 0.071053
1 0.056575 0.678947 0.058104 0.050000
3 0.123853 0.686842 0.198777 0.071053
1 0.310398 0.678947 0.058104 0.050000
3 0.412844 0.680263 0.269113 0.057895
1 0.634557 0.678947 0.058104 0.050000
3 0.720183 0.686842 0.235474 0.071053
2 0.788991 0.851316 0.097859 0.052632
