0 0.616422 0.105134 0.556373 0.088020
4 0.458333 0.105134 0.877451 0.092910
0 0.589461 0.229829 0.526961 0.088020
4 0.437500 0.229829 0.835784 0.092910
0 0.536765 0.354523 0.441176 0.088020
4 0.389706 0.354523 0.740196 0.092910
0 0.486520 0.479218 0.281863 0.088020
4 0.324755 0.479218 0.610294 0.092910
6 0.045343 0.583130 0.046569 0.046455
7 0.143382 0.583130 0.247549 0.051345
1 0.045343 0.707824 0.046569 0.046455
3 0.140931 0.707824 0.242647 0.051345
1 0.332108 0.707824 0.046569 0.046455
3 0.383578 0.711491 0.154412 0.058680
1 0.530637 0.707824 0.046569 0.046455
3 0.628676 0.707824 0.247549 0.051345
2 0.355392 0.837408 0.166667 0.056235
