5 0.698333 0.070637 0.590000 0.072022
8 0.513333 0.070637 0.966667 0.077562
5 0.558333 0.225762 0.310000 0.072022
8 0.373333 0.225762 0.686667 0.077562
5 0.523333 0.380886 0.240000 0.072022
8 0.338333 0.380886 0.616667 0.077562
6 0.054167 0.567175 0.048333 0.040166
7 0.152500 0.569252 0.251667 0.049861
6 0.365833 0.567175 0.048333 0.040166
7 0.449167 0.567175 0.221667 0.045706
6 0.647500 0.567175 0.048333 0.040166
7 0.795833 0.569252 0.351667 0.049861
1 0.054167 0.722299 0.048333 0.040166
3 0.130833 0.722299 0.208333 0.045706
1 0.322500 0.722299 0.048333 0.040166
3 0.450833 0.722299 0.311667 0.045706
2 0.221667 0.887812 0.216667 0.060942
