5 0.405759 0.136968 0.251309 0.071809
8 0.278796 0.136968 0.510471 0.077128
5 0.421466 0.296543 0.382199 0.071809
8 0.319372 0.296543 0.591623 0.077128
6 0.043194 0.437500 0.039267 0.039894
7 0.113874 0.437500 0.185864 0.045213
1 0.043194 0.597074 0.039267 0.039894
3 0.147906 0.602394 0.253927 0.055851
1 0.344241 0.597074 0.039267 0.039894
3 0.424084 0.602394 0.204188 0.055851
1 0.595550 0.597074 0.039267 0.039894
3 0.641361 0.602394 0.136126 0.055851
2 0.339005 0.763298 0.353403 0.053191
