0 0.415000 0.116711 0.785000 0.087533
4 0.415000 0.087533 0.790000 0.140584
0 0.272500 0.286472 0.500000 0.087533
4 0.272500 0.251989 0.505000 0.151194
0 0.376250 0.435013 0.707500 0.087533
4 0.376250 0.405836 0.712500 0.140584
6 0.044375 0.578912 0.043750 0.046419
7 0.144375 0.578912 0.248750 0.051724
6 0.338125 0.578912 0.043750 0.046419
7 0.454375 0.578912 0.281250 0.051724
6 0.664375 0.578912 0.043750 0.046419
7 0.758125 0.578912 0.236250 0.051724
1 0.044375 0.738064 0.043750 0.046419
3 0.158125 0.741379 0.276250 0.058355
2 0.252500 0.907162 0.425000 0.066313
