5 0.470994 0.099150 0.367403 0.065156
8 0.341160 0.099150 0.632597 0.070822
5 0.379834 0.243626 0.185083 0.065156
8 0.250000 0.243626 0.450276 0.070822
5 0.441989 0.388102 0.309392 0.065156
8 0.312155 0.388102 0.574586 0.070822
6 0.042818 0.563739 0.035912 0.036827
7 0.099448 0.563739 0.154696 0.042493
6 0.247238 0.563739 0.035912 0.036827
7 0.284530 0.563739 0.116022 0.042493
6 0.412983 0.563739 0.035912 0.036827
7 0.488950 0.563739 0.193370 0.042493
1 0.042818 0.708215 0.035912 0.036827
3 0.075967 0.711048 0.107735 0.048159
1 0.200276 0.708215 0.035912 0.036827
3 0.233425 0.711048 0.107735 0.048159
1 0.357735 0.708215 0.035912 0.036827
3 0.404696 0.708215 0.135359 0.042493
2 0.450276 0.869688 0.226519 0.070822
