5 0.708084 0.090141 0.476048 0.095775
8 0.488024 0.090141 0.922156 0.101408
5 0.526946 0.273239 0.562874 0.095775
8 0.419162 0.273239 0.784431 0.101408
6 0.054641 0.513380 0.055389 0.052113
7 0.127994 0.525352 0.208084 0.081690
6 0.316617 0.513380 0.055389 0.052113
7 0.524701 0.525352 0.477545 0.081690
1 0.054641 0.696479 0.055389 0.052113
3 0.201347 0.701408 0.354790 0.067606
1 0.463323 0.696479 0.055389 0.052113
3 0.623503 0.708451 0.381737 0.081690
2 0.187126 0.883099 0.260479 0.059155
