0 0.577114 0.069270 0.726368 0.050378
4 0.481343 0.069270 0.922886 0.055416
0 0.404229 0.182620 0.420398 0.050378
4 0.318408 0.182620 0.597015 0.055416
0 0.337065 0.295970 0.256219 0.050378
4 0.243781 0.295970 0.447761 0.055416
0 0.393035 0.409320 0.402985 0.050378
4 0.308458 0.409320 0.577114 0.055416
0 0.364428 0.522670 0.291045 0.050378
4 0.266169 0.522670 0.492537 0.055416
2 0.036070 0.624685 0.027363 0.027708
5 0.075871 0.624685 0.111940 0.032746
2 0.192786 0.624685 0.027363 0.027708
5 0.221393 0.624685 0.089552 0.032746
2 0.327114 0.624685 0.027363 0.027708
5 0.384328 0.624685 0.146766 0.032746
2 0.518657 0.624685 0.027363 0.027708
5 0.578358 0.624685 0.151741 0.032746
3 0.036070 0.738035 0.027363 0.027708
6 0.087065 0.738035 0.134328 0.032746
3 0.215174 0.738035 0.027363 0.027708
6 0.242537 0.738035 0.087065 0.032746
1 0.835821 0.874055 0.228856 0.073048
