0 0.361607 0.157754 0.669643 0.085561
4 0.361607 0.129679 0.675595 0.136364
0 0.163690 0.302139 0.273810 0.085561
4 0.163690 0.274064 0.279762 0.136364
0 0.181548 0.446524 0.309524 0.085561
4 0.181548 0.418449 0.315476 0.136364
6 0.052083 0.576203 0.050595 0.045455
7 0.105655 0.578877 0.163690 0.056150
6 0.269345 0.576203 0.050595 0.045455
7 0.322917 0.576203 0.163690 0.050802
6 0.486607 0.576203 0.050595 0.045455
7 0.547619 0.576203 0.178571 0.050802
1 0.052083 0.720588 0.050595 0.045455
3 0.113095 0.720588 0.178571 0.050802
2 0.549107 0.881016 0.574405 0.077540
