5 0.444730 0.066978 0.431877 0.087227
8 0.343188 0.066978 0.640103 0.093458
5 0.492288 0.225857 0.526992 0.087227
8 0.390746 0.225857 0.735219 0.093458
5 0.326478 0.384735 0.195373 0.087227
8 0.224936 0.384735 0.403599 0.093458
6 0.043059 0.577103 0.039846 0.048287
7 0.104756 0.577103 0.168380 0.054517
6 0.257712 0.577103 0.039846 0.048287
7 0.328406 0.577103 0.186375 0.054517
6 0.490360 0.577103 0.039846 0.048287
7 0.523779 0.577103 0.111825 0.054517
1 0.043059 0.735981 0.039846 0.048287
3 0.076478 0.735981 0.111825 0.054517
1 0.201157 0.735981 0.039846 0.048287
3 0.262853 0.735981 0.168380 0.054517
2 0.455013 0.900312 0.179949 0.059190
