7 0.319613 0.114583 0.368039 0.083333
8 0.263923 0.114583 0.484262 0.091667
7 0.360775 0.285417 0.334140 0.083333
8 0.276029 0.285417 0.508475 0.091667
2 0.035714 0.501042 0.027845 0.047917
5 0.098668 0.501042 0.158596 0.056250
2 0.237893 0.501042 0.027845 0.047917
5 0.273002 0.501042 0.102906 0.056250
2 0.384383 0.501042 0.027845 0.047917
5 0.452179 0.506250 0.168281 0.066667
2 0.596247 0.501042 0.027845 0.047917
5 0.664044 0.506250 0.168281 0.066667
3 0.035714 0.671875 0.027845 0.047917
6 0.088983 0.671875 0.139225 0.056250
1 0.387409 0.862500 0.411622 0.087500
