5 0.589109 0.095000 0.569307 0.070000
8 0.449257 0.095000 0.853960 0.075000
5 0.389851 0.205000 0.170792 0.070000
8 0.250000 0.205000 0.455446 0.075000
5 0.487624 0.315000 0.366337 0.070000
8 0.347772 0.315000 0.650990 0.075000
5 0.613861 0.425000 0.618812 0.070000
8 0.474010 0.425000 0.903465 0.075000
5 0.424505 0.535000 0.240099 0.070000
8 0.284653 0.535000 0.524752 0.075000
6 0.041460 0.626875 0.038366 0.038750
7 0.123144 0.626875 0.206683 0.043750
1 0.041460 0.736875 0.038366 0.038750
3 0.140470 0.738750 0.241337 0.047500
1 0.327351 0.736875 0.038366 0.038750
3 0.374381 0.736875 0.137376 0.043750
1 0.509282 0.736875 0.038366 0.038750
3 0.607054 0.736875 0.238861 0.043750
2 0.643564 0.870000 0.222772 0.085000
