5 0.394805 0.131043 0.301299 0.089059
8 0.285714 0.131043 0.524675 0.094148
5 0.588312 0.296438 0.688312 0.089059
8 0.479221 0.296438 0.911688 0.094148
6 0.048052 0.512723 0.049351 0.048346
7 0.163636 0.522901 0.285714 0.073791
6 0.380519 0.512723 0.049351 0.048346
7 0.481818 0.516539 0.257143 0.061069
1 0.048052 0.678117 0.049351 0.048346
3 0.192208 0.688295 0.342857 0.073791
1 0.437662 0.678117 0.049351 0.048346
3 0.489610 0.688295 0.158442 0.073791
2 0.389610 0.865140 0.207792 0.091603
