0 0.312849 0.255348 0.575419 0.074866
4 0.312849 0.228610 0.581006 0.122995
0 0.189944 0.386364 0.329609 0.074866
4 0.189944 0.359626 0.335196 0.122995
6 0.046089 0.502674 0.041899 0.040107
7 0.150838 0.505348 0.256983 0.050802
6 0.353352 0.502674 0.041899 0.040107
7 0.413408 0.502674 0.167598 0.045455
1 0.046089 0.633690 0.041899 0.040107
3 0.113128 0.633690 0.181564 0.045455
1 0.277933 0.633690 0.041899 0.040107
3 0.360335 0.633690 0.212291 0.045455
2 0.347765 0.783422 0.187151 0.077540
