7 0.389571 0.252890 0.245399 0.052023
8 0.271472 0.252890 0.487730 0.057803
7 0.345092 0.330925 0.156442 0.052023
8 0.226994 0.330925 0.398773 0.057803
7 0.375767 0.408960 0.217791 0.052023
8 0.257669 0.408960 0.460123 0.057803
7 0.605828 0.486994 0.677914 0.052023
8 0.487730 0.486994 0.920245 0.057803
2 0.043712 0.551301 0.032209 0.030347
5 0.125000 0.551301 0.200920 0.036127
2 0.299847 0.551301 0.032209 0.030347
5 0.381135 0.551301 0.200920 0.036127
2 0.555982 0.551301 0.032209 0.030347
5 0.620399 0.551301 0.167178 0.036127
3 0.043712 0.629335 0.032209 0.030347
6 0.078988 0.629335 0.108896 0.036127
1 0.513804 0.735549 0.843558 0.086705
