0 0.681686 0.083333 0.555233 0.083333
4 0.492733 0.083333 0.938953 0.088542
0 0.546512 0.213542 0.290698 0.083333
4 0.359012 0.213542 0.671512 0.088542
0 0.595930 0.343750 0.372093 0.083333
4 0.404070 0.343750 0.761628 0.088542
0 0.610465 0.473958 0.459302 0.083333
4 0.433140 0.473958 0.819767 0.088542
2 0.050872 0.584635 0.049419 0.044271
5 0.103198 0.588542 0.159884 0.057292
2 0.263081 0.584635 0.049419 0.044271
5 0.324128 0.584635 0.177326 0.049479
3 0.050872 0.714844 0.049419 0.044271
6 0.111919 0.714844 0.177326 0.049479
3 0.280523 0.714844 0.049419 0.044271
6 0.332849 0.718750 0.159884 0.057292
1 0.530523 0.858073 0.473837 0.070312
