0 0.092593 0.120000 0.140741 0.068571
4 0.092593 0.091429 0.145679 0.120000
0 0.209877 0.274286 0.375309 0.068571
4 0.209877 0.245714 0.380247 0.120000
0 0.267901 0.428571 0.491358 0.068571
4 0.267901 0.400000 0.496296 0.120000
6 0.038272 0.570000 0.032099 0.037143
7 0.092593 0.571429 0.145679 0.045714
6 0.228395 0.570000 0.032099 0.037143
7 0.311111 0.571429 0.202469 0.045714
1 0.038272 0.724286 0.032099 0.037143
3 0.083951 0.725714 0.128395 0.045714
1 0.211111 0.724286 0.032099 0.037143
3 0.296296 0.725714 0.207407 0.045714
1 0.462963 0.724286 0.032099 0.037143
3 0.507407 0.725714 0.125926 0.045714
2 0.396296 0.894286 0.486420 0.068571
