0 0.364198 0.114987 0.683951 0.049096
4 0.364198 0.094315 0.688889 0.085271
0 0.314815 0.241602 0.585185 0.049096
4 0.314815 0.220930 0.590123 0.085271
0 0.387654 0.368217 0.730864 0.049096
4 0.387654 0.347545 0.735802 0.085271
0 0.275309 0.489664 0.506173 0.049096
4 0.275309 0.471576 0.511111 0.080103
2 0.035185 0.605297 0.025926 0.027132
5 0.083333 0.605297 0.127160 0.032300
2 0.206790 0.605297 0.025926 0.027132
5 0.254938 0.605297 0.127160 0.032300
2 0.378395 0.605297 0.025926 0.027132
5 0.405556 0.605297 0.085185 0.032300
3 0.035185 0.731912 0.025926 0.027132
6 0.072222 0.731912 0.104938 0.032300
3 0.184568 0.731912 0.025926 0.027132
6 0.221605 0.731912 0.104938 0.032300
3 0.333951 0.731912 0.025926 0.027132
6 0.361111 0.731912 0.085185 0.032300
3 0.463580 0.731912 0.025926 0.027132
6 0.495679 0.731912 0.095062 0.032300
1 0.365432 0.887597 0.182716 0.085271
