0 0.524725 0.132275 0.532967 0.055556
4 0.407967 0.132275 0.771978 0.060847
0 0.576923 0.219577 0.560440 0.055556
4 0.440934 0.219577 0.837912 0.060847
0 0.519231 0.306878 0.467033 0.055556
4 0.388736 0.306878 0.733516 0.060847
0 0.513736 0.394180 0.434066 0.055556
4 0.377747 0.394180 0.711538 0.060847
0 0.559066 0.481481 0.552198 0.055556
4 0.429945 0.481481 0.815934 0.060847
0 0.392857 0.568783 0.269231 0.055556
4 0.276099 0.568783 0.508242 0.060847
6 0.040522 0.643519 0.031593 0.030423
7 0.085852 0.643519 0.127747 0.035714
6 0.217720 0.643519 0.031593 0.030423
7 0.264423 0.646825 0.130495 0.042328
1 0.040522 0.730820 0.031593 0.030423
3 0.089973 0.730820 0.135989 0.035714
2 0.697802 0.839947 0.252747 0.074074
