0 0.360577 0.096899 0.439103 0.046512
4 0.304487 0.096899 0.557692 0.051680
0 0.323718 0.202842 0.314103 0.046512
4 0.254808 0.202842 0.458333 0.051680
0 0.459936 0.308786 0.471154 0.046512
4 0.362179 0.308786 0.673077 0.051680
0 0.317308 0.414729 0.378205 0.046512
4 0.267628 0.414729 0.483974 0.051680
0 0.397436 0.520672 0.262821 0.046512
4 0.278846 0.520672 0.506410 0.051680
6 0.044872 0.616279 0.032051 0.025840
7 0.108974 0.616279 0.166667 0.031008
1 0.044872 0.722222 0.032051 0.025840
3 0.084936 0.722222 0.118590 0.031008
1 0.221154 0.722222 0.032051 0.025840
3 0.293269 0.722222 0.182692 0.031008
2 0.464744 0.860465 0.185897 0.090439
