5 0.493947 0.181373 0.615012 0.065359
8 0.412833 0.181373 0.782082 0.071895
5 0.570218 0.321895 0.767554 0.065359
8 0.489104 0.321895 0.934625 0.071895
6 0.035714 0.497549 0.027845 0.037582
7 0.086562 0.501634 0.134383 0.052288
6 0.213680 0.497549 0.027845 0.037582
7 0.247579 0.497549 0.100484 0.044118
6 0.357748 0.497549 0.027845 0.037582
7 0.396489 0.497549 0.110169 0.044118
1 0.035714 0.638072 0.027845 0.037582
3 0.063559 0.642157 0.088378 0.052288
1 0.167676 0.638072 0.027845 0.037582
3 0.217312 0.638072 0.131961 0.044118
1 0.343220 0.638072 0.027845 0.037582
3 0.407385 0.638072 0.161017 0.044118
1 0.547821 0.638072 0.027845 0.037582
3 0.581719 0.638072 0.100484 0.044118
2 0.566586 0.790850 0.266344 0.062092
