7 0.270313 0.187050 0.159375 0.093525
8 0.190625 0.187050 0.325000 0.100719
2 0.050781 0.418165 0.045312 0.052158
5 0.107031 0.426259 0.164062 0.075540
2 0.271094 0.418165 0.045312 0.052158
5 0.342969 0.419065 0.195312 0.061151
2 0.522656 0.418165 0.045312 0.052158
5 0.586719 0.419065 0.179688 0.061151
3 0.050781 0.598022 0.045312 0.052158
6 0.185156 0.598921 0.320312 0.061151
3 0.427344 0.598022 0.045312 0.052158
6 0.528906 0.598921 0.254688 0.061151
3 0.738281 0.598022 0.045312 0.052158
6 0.802344 0.598921 0.179688 0.061151
1 0.390625 0.807554 0.531250 0.111511
