5 0.440000 0.157821 0.186667 0.069832
8 0.283333 0.157821 0.506667 0.075419
5 0.665000 0.308659 0.636667 0.069832
8 0.508333 0.308659 0.956667 0.075419
6 0.053333 0.500000 0.046667 0.039106
7 0.138333 0.501397 0.223333 0.047486
6 0.336667 0.500000 0.046667 0.039106
7 0.476667 0.501397 0.333333 0.047486
1 0.053333 0.650838 0.046667 0.039106
3 0.165000 0.652235 0.276667 0.047486
1 0.390000 0.650838 0.046667 0.039106
3 0.461667 0.657821 0.196667 0.058659
2 0.546667 0.831006 0.173333 0.097765
