5 0.383136 0.295573 0.322485 0.059896
8 0.286982 0.295573 0.520710 0.065104
5 0.571006 0.389323 0.763314 0.059896
8 0.491124 0.389323 0.928994 0.065104
6 0.045858 0.467448 0.038462 0.033854
7 0.096154 0.467448 0.144970 0.039062
6 0.244083 0.467448 0.038462 0.033854
7 0.319527 0.467448 0.195266 0.039062
6 0.492604 0.467448 0.038462 0.033854
7 0.541420 0.467448 0.142012 0.039062
1 0.045858 0.561198 0.038462 0.033854
3 0.116864 0.561198 0.186391 0.039062
1 0.285503 0.561198 0.038462 0.033854
3 0.335799 0.561198 0.144970 0.039062
1 0.483728 0.561198 0.038462 0.033854
3 0.538462 0.561198 0.153846 0.039062
2 0.758876 0.684896 0.346154 0.093750
