0 0.194006 0.237401 0.331230 0.050398
4 0.194006 0.214854 0.337539 0.090186
0 0.145110 0.367374 0.233438 0.050398
4 0.145110 0.344828 0.239748 0.090186
6 0.044953 0.488727 0.033123 0.027851
7 0.123817 0.493369 0.197161 0.042440
6 0.298896 0.488727 0.033123 0.027851
7 0.382492 0.489390 0.206625 0.034483
6 0.562303 0.488727 0.033123 0.027851
7 0.606467 0.489390 0.127760 0.034483
1 0.044953 0.618700 0.033123 0.027851
3 0.081230 0.623342 0.111987 0.042440
1 0.213722 0.618700 0.033123 0.027851
3 0.279968 0.623342 0.171924 0.042440
1 0.442429 0.618700 0.033123 0.027851
3 0.488170 0.623342 0.130915 0.042440
2 0.373817 0.774536 0.526814 0.079576
