5 0.319372 0.164688 0.172775 0.056380
8 0.215969 0.164688 0.384817 0.062315
5 0.518325 0.310089 0.570681 0.056380
8 0.414921 0.310089 0.782723 0.062315
6 0.037958 0.488131 0.028796 0.032641
7 0.079843 0.488131 0.117801 0.038576
6 0.202880 0.488131 0.028796 0.032641
7 0.232984 0.488131 0.094241 0.038576
6 0.344241 0.488131 0.028796 0.032641
7 0.373037 0.488131 0.091623 0.038576
1 0.037958 0.633531 0.028796 0.032641
3 0.091623 0.633531 0.141361 0.038576
1 0.226440 0.633531 0.028796 0.032641
3 0.256545 0.637982 0.094241 0.047478
1 0.367801 0.633531 0.028796 0.032641
3 0.421466 0.633531 0.141361 0.038576
2 0.442408 0.790801 0.397906 0.056380
