0 0.423977 0.065104 0.210526 0.065104
4 0.277778 0.065104 0.508772 0.070312
0 0.567251 0.197917 0.485380 0.065104
4 0.418129 0.197917 0.789474 0.070312
0 0.399123 0.330729 0.131579 0.065104
4 0.245614 0.330729 0.444444 0.070312
0 0.589181 0.463542 0.470760 0.065104
4 0.425439 0.463542 0.804094 0.070312
6 0.046053 0.581380 0.039474 0.035156
7 0.148392 0.581380 0.250000 0.040365
6 0.348684 0.581380 0.039474 0.035156
7 0.442251 0.583333 0.232456 0.044271
1 0.046053 0.714193 0.039474 0.035156
3 0.089912 0.714193 0.133041 0.040365
2 0.482456 0.861979 0.631579 0.065104
