0 0.505277 0.128429 0.313984 0.084788
4 0.343008 0.128429 0.643799 0.089776
0 0.539578 0.265586 0.419525 0.084788
4 0.386544 0.265586 0.730871 0.089776
0 0.445910 0.402743 0.205805 0.084788
4 0.286280 0.402743 0.530343 0.089776
6 0.047493 0.519950 0.047493 0.044888
7 0.102902 0.523691 0.163588 0.057357
1 0.047493 0.657107 0.047493 0.044888
3 0.105541 0.660848 0.168865 0.057357
1 0.263852 0.657107 0.047493 0.044888
3 0.378628 0.667082 0.282322 0.069825
1 0.593668 0.657107 0.047493 0.044888
3 0.666227 0.660848 0.197889 0.057357
2 0.564644 0.810474 0.242744 0.077307
