7 0.615385 0.154348 0.523077 0.117391
8 0.453846 0.154348 0.852308 0.126087
7 0.467692 0.289130 0.227692 0.117391
8 0.306154 0.289130 0.556923 0.126087
7 0.653846 0.423913 0.600000 0.117391
8 0.492308 0.423913 0.929231 0.126087
2 0.050769 0.528261 0.046154 0.065217
5 0.101538 0.532609 0.153846 0.082609
3 0.050769 0.663043 0.046154 0.065217
6 0.141538 0.663043 0.233846 0.073913
3 0.340000 0.663043 0.046154 0.065217
6 0.435385 0.667391 0.243077 0.082609
3 0.638462 0.663043 0.046154 0.065217
6 0.692308 0.663043 0.160000 0.073913
1 0.506154 0.830435 0.440000 0.130435
