5 0.509231 0.167892 0.378462 0.056373
8 0.364615 0.167892 0.673846 0.061275
5 0.356923 0.287990 0.301538 0.056373
8 0.269231 0.287990 0.483077 0.061275
5 0.516923 0.408088 0.320000 0.056373
8 0.353846 0.408088 0.652308 0.061275
6 0.047692 0.557598 0.040000 0.031863
7 0.184615 0.561275 0.320000 0.044118
6 0.423077 0.557598 0.040000 0.031863
7 0.527692 0.561275 0.255385 0.044118
1 0.047692 0.677696 0.040000 0.031863
3 0.118462 0.677696 0.187692 0.036765
1 0.290769 0.677696 0.040000 0.031863
3 0.347692 0.677696 0.160000 0.036765
2 0.495385 0.818627 0.160000 0.073529
