7 0.562706 0.058228 0.320132 0.078481
8 0.377888 0.058228 0.696370 0.083544
7 0.595710 0.154430 0.465347 0.078481
8 0.430693 0.154430 0.801980 0.083544
7 0.719472 0.250633 0.534653 0.078481
8 0.509901 0.250633 0.960396 0.083544
7 0.523102 0.346835 0.320132 0.078481
8 0.358086 0.346835 0.656766 0.083544
7 0.597360 0.443038 0.389439 0.078481
8 0.412541 0.443038 0.765677 0.083544
7 0.559406 0.539241 0.577558 0.078481
8 0.440594 0.539241 0.821782 0.083544
7 0.504950 0.635443 0.323432 0.078481
8 0.349835 0.635443 0.640264 0.083544
2 0.057756 0.711392 0.056106 0.043038
5 0.184818 0.712658 0.316832 0.050633
2 0.433993 0.711392 0.056106 0.043038
5 0.600660 0.712658 0.396040 0.050633
3 0.057756 0.807595 0.056106 0.043038
6 0.132013 0.808861 0.211221 0.050633
1 0.641914 0.905063 0.485149 0.045570
