7 0.394654 0.139498 0.172956 0.106583
8 0.256289 0.139498 0.455975 0.112853
2 0.057390 0.403605 0.058176 0.057994
5 0.189465 0.405956 0.328616 0.068966
2 0.442610 0.403605 0.058176 0.057994
5 0.579403 0.405956 0.338050 0.068966
3 0.057390 0.610502 0.058176 0.057994
6 0.162736 0.612853 0.275157 0.068966
3 0.389151 0.610502 0.058176 0.057994
6 0.472484 0.612853 0.231132 0.068966
3 0.676887 0.610502 0.058176 0.057994
6 0.750786 0.612853 0.212264 0.068966
1 0.371069 0.838558 0.364780 0.100313
