0 0.342444 0.090909 0.376206 0.055556
4 0.279743 0.090909 0.508039 0.060606
0 0.331190 0.199495 0.173633 0.055556
4 0.223473 0.199495 0.395498 0.060606
0 0.392283 0.308081 0.340836 0.055556
4 0.295820 0.308081 0.540193 0.060606
0 0.573955 0.416667 0.794212 0.055556
4 0.500000 0.416667 0.948553 0.060606
0 0.400322 0.525253 0.241158 0.055556
4 0.274920 0.525253 0.498392 0.060606
6 0.048232 0.621212 0.038585 0.030303
7 0.118971 0.621212 0.186495 0.035354
1 0.048232 0.729798 0.038585 0.030303
3 0.175241 0.732323 0.299035 0.040404
2 0.596463 0.863636 0.491961 0.080808
