7 0.623762 0.204819 0.521452 0.072289
8 0.458746 0.204819 0.858086 0.077108
7 0.374587 0.337349 0.254125 0.072289
8 0.267327 0.337349 0.475248 0.077108
2 0.056931 0.451205 0.054455 0.039759
5 0.183993 0.453012 0.315182 0.048193
3 0.056931 0.583735 0.054455 0.039759
6 0.126238 0.585542 0.199670 0.048193
3 0.316007 0.583735 0.054455 0.039759
6 0.395215 0.585542 0.219472 0.048193
3 0.594884 0.583735 0.054455 0.039759
6 0.751650 0.590361 0.374587 0.057831
1 0.244224 0.738554 0.336634 0.084337
