5 0.386218 0.128531 0.137821 0.053672
8 0.243590 0.128531 0.429487 0.059322
5 0.535256 0.261299 0.435897 0.053672
8 0.392628 0.261299 0.727564 0.059322
5 0.496795 0.394068 0.358974 0.053672
8 0.354167 0.394068 0.650641 0.059322
6 0.046474 0.512712 0.035256 0.031073
7 0.136218 0.512712 0.221154 0.036723
1 0.046474 0.645480 0.035256 0.031073
3 0.081731 0.645480 0.112179 0.036723
1 0.216346 0.645480 0.035256 0.031073
3 0.258013 0.645480 0.125000 0.036723
1 0.399038 0.645480 0.035256 0.031073
3 0.443910 0.645480 0.131410 0.036723
2 0.498397 0.799435 0.605769 0.073446
