5 0.524590 0.164474 0.170492 0.071053
8 0.321311 0.164474 0.583607 0.076316
5 0.719672 0.288158 0.560656 0.071053
8 0.516393 0.288158 0.973770 0.076316
5 0.703279 0.411842 0.527869 0.071053
8 0.500000 0.411842 0.940984 0.076316
6 0.054098 0.517105 0.049180 0.039474
7 0.147541 0.519737 0.242623 0.050000
6 0.355738 0.517105 0.049180 0.039474
7 0.475410 0.525000 0.295082 0.060526
1 0.054098 0.640789 0.049180 0.039474
3 0.198361 0.648684 0.344262 0.060526
2 0.627869 0.790789 0.514754 0.092105
