7 0.705097 0.152632 0.580097 0.105263
8 0.509709 0.152632 0.975728 0.112281
2 0.041869 0.409649 0.040049 0.057895
5 0.100121 0.412281 0.161408 0.070175
2 0.246966 0.409649 0.040049 0.057895
5 0.314927 0.419298 0.180825 0.084211
3 0.041869 0.609649 0.040049 0.057895
6 0.096481 0.612281 0.154126 0.070175
3 0.239684 0.609649 0.040049 0.057895
6 0.293083 0.612281 0.151699 0.070175
3 0.435073 0.609649 0.040049 0.057895
6 0.557646 0.619298 0.290049 0.084211
1 0.424757 0.829825 0.480583 0.098246
