0 0.504732 0.116901 0.321767 0.087324
4 0.347003 0.116901 0.643533 0.092958
0 0.648265 0.238028 0.558360 0.087324
4 0.477918 0.238028 0.905363 0.092958
0 0.589905 0.359155 0.498423 0.087324
4 0.433754 0.359155 0.817035 0.092958
0 0.662461 0.480282 0.624606 0.087324
4 0.501577 0.480282 0.952681 0.092958
6 0.054416 0.580986 0.052050 0.046479
7 0.180599 0.580986 0.310726 0.052113
6 0.421924 0.580986 0.052050 0.046479
7 0.537066 0.580986 0.288644 0.052113
1 0.054416 0.702113 0.052050 0.046479
3 0.164826 0.702113 0.279180 0.052113
1 0.390379 0.702113 0.052050 0.046479
3 0.544953 0.702113 0.367508 0.052113
2 0.490536 0.845070 0.482650 0.090141
