0 0.171271 0.108247 0.292818 0.054124
4 0.171271 0.087629 0.298343 0.090206
0 0.325967 0.208763 0.602210 0.054124
4 0.325967 0.188144 0.607735 0.090206
0 0.189227 0.304124 0.328729 0.054124
4 0.189227 0.286082 0.334254 0.085052
0 0.306630 0.409794 0.563536 0.054124
4 0.306630 0.389175 0.569061 0.090206
0 0.361878 0.510309 0.674033 0.054124
4 0.361878 0.489691 0.679558 0.090206
0 0.146409 0.605670 0.243094 0.054124
4 0.146409 0.587629 0.248619 0.085052
2 0.040746 0.693943 0.031768 0.029639
5 0.071133 0.693943 0.098066 0.034794
2 0.188536 0.693943 0.031768 0.029639
5 0.247928 0.693943 0.156077 0.034794
3 0.040746 0.794459 0.031768 0.029639
6 0.097376 0.794459 0.150552 0.034794
3 0.241022 0.794459 0.031768 0.029639
6 0.304558 0.794459 0.164365 0.034794
3 0.455110 0.794459 0.031768 0.029639
6 0.493785 0.794459 0.114641 0.034794
1 0.723757 0.903351 0.392265 0.046392
