0 0.180282 0.214106 0.309859 0.080605
4 0.180282 0.181360 0.315493 0.141058
0 0.229577 0.380353 0.408451 0.080605
4 0.229577 0.341310 0.414085 0.153652
6 0.049296 0.510076 0.047887 0.042821
7 0.143662 0.513854 0.242254 0.055416
6 0.342254 0.510076 0.047887 0.042821
7 0.433803 0.513854 0.236620 0.055416
6 0.629577 0.510076 0.047887 0.042821
7 0.695775 0.520151 0.185915 0.068010
1 0.049296 0.663728 0.047887 0.042821
3 0.166197 0.673804 0.287324 0.068010
2 0.428169 0.826196 0.439437 0.060453
