7 0.487562 0.190608 0.393035 0.066298
8 0.354478 0.190608 0.664179 0.071823
7 0.468905 0.276243 0.355721 0.066298
8 0.335821 0.276243 0.626866 0.071823
7 0.398010 0.361878 0.213930 0.066298
8 0.264925 0.361878 0.485075 0.071823
7 0.610697 0.447514 0.639303 0.066298
8 0.477612 0.447514 0.910448 0.071823
7 0.394279 0.533149 0.206468 0.066298
8 0.261194 0.533149 0.477612 0.071823
2 0.039179 0.601519 0.033582 0.037293
5 0.088930 0.601519 0.138060 0.042818
2 0.222015 0.601519 0.033582 0.037293
5 0.268035 0.601519 0.130597 0.042818
2 0.397388 0.601519 0.033582 0.037293
5 0.475746 0.601519 0.195274 0.042818
2 0.637438 0.601519 0.033582 0.037293
5 0.726990 0.604972 0.217662 0.049724
3 0.039179 0.687155 0.033582 0.037293
6 0.134950 0.687155 0.230100 0.042818
3 0.314055 0.687155 0.033582 0.037293
6 0.371269 0.687155 0.152985 0.042818
3 0.511816 0.687155 0.033582 0.037293
6 0.590174 0.687155 0.195274 0.042818
3 0.751866 0.687155 0.033582 0.037293
6 0.825249 0.687155 0.185323 0.042818
1 0.463930 0.788674 0.470149 0.069061
