0 0.286301 0.257085 0.523288 0.072874
4 0.286301 0.228745 0.528767 0.121457
0 0.286301 0.386640 0.523288 0.072874
4 0.286301 0.358300 0.528767 0.121457
2 0.038356 0.500000 0.027397 0.040486
5 0.069863 0.500000 0.095890 0.048583
2 0.183562 0.500000 0.027397 0.040486
5 0.217808 0.500000 0.101370 0.048583
2 0.334247 0.500000 0.027397 0.040486
5 0.369863 0.500000 0.104110 0.048583
3 0.038356 0.629555 0.027397 0.040486
6 0.101370 0.629555 0.158904 0.048583
3 0.246575 0.629555 0.027397 0.040486
6 0.278082 0.629555 0.095890 0.048583
1 0.242466 0.797571 0.386301 0.117409
