0 0.088010 0.171512 0.130102 0.081395
4 0.088010 0.133721 0.135204 0.151163
0 0.094388 0.334302 0.142857 0.081395
4 0.094388 0.302326 0.147959 0.139535
6 0.042092 0.495640 0.038265 0.043605
7 0.139031 0.497093 0.237245 0.052326
6 0.325255 0.495640 0.038265 0.043605
7 0.422194 0.502907 0.237245 0.063953
1 0.042092 0.670058 0.038265 0.043605
3 0.102041 0.677326 0.163265 0.063953
1 0.251276 0.670058 0.038265 0.043605
3 0.362245 0.677326 0.265306 0.063953
2 0.247449 0.869186 0.255102 0.093023
