0 0.151134 0.171717 0.256927 0.063973
4 0.151134 0.144781 0.261965 0.111111
0 0.302267 0.299663 0.559194 0.063973
4 0.302267 0.276094 0.564232 0.104377
0 0.316121 0.434343 0.586902 0.063973
4 0.316121 0.410774 0.591940 0.104377
6 0.035894 0.554714 0.026448 0.035354
7 0.059824 0.554714 0.079345 0.042088
6 0.160579 0.554714 0.026448 0.035354
7 0.203401 0.554714 0.117128 0.042088
1 0.035894 0.689394 0.026448 0.035354
3 0.090050 0.689394 0.139798 0.042088
1 0.221033 0.689394 0.026448 0.035354
3 0.273929 0.689394 0.137280 0.042088
2 0.151134 0.865320 0.156171 0.117845
