0 0.146179 0.200798 0.232558 0.071809
4 0.146179 0.171543 0.239203 0.125000
0 0.277409 0.355053 0.495017 0.071809
4 0.277409 0.325798 0.501661 0.125000
2 0.053987 0.498005 0.048173 0.038564
5 0.118771 0.500000 0.184385 0.047872
2 0.298173 0.498005 0.048173 0.038564
5 0.460963 0.500000 0.380399 0.047872
2 0.738372 0.498005 0.048173 0.038564
5 0.816445 0.505319 0.210963 0.058511
3 0.053987 0.652261 0.048173 0.038564
6 0.118771 0.659574 0.184385 0.058511
3 0.298173 0.652261 0.048173 0.038564
6 0.379568 0.654255 0.217608 0.047872
1 0.453488 0.821809 0.448505 0.069149
