0 0.303922 0.287375 0.156863 0.059801
4 0.205882 0.287375 0.359477 0.066445
6 0.045752 0.393688 0.032680 0.033223
7 0.096405 0.393688 0.140523 0.039867
6 0.245098 0.393688 0.032680 0.033223
7 0.295752 0.393688 0.140523 0.039867
1 0.045752 0.513289 0.032680 0.033223
3 0.093137 0.513289 0.133987 0.039867
1 0.238562 0.513289 0.032680 0.033223
3 0.282680 0.513289 0.127451 0.039867
1 0.424837 0.513289 0.032680 0.033223
3 0.509804 0.513289 0.209150 0.039867
2 0.464052 0.662791 0.496732 0.093023
