0 0.430091 0.142857 0.306991 0.092437
4 0.305471 0.142857 0.562310 0.100840
0 0.425532 0.302521 0.395137 0.092437
4 0.325228 0.302521 0.601824 0.100840
2 0.045593 0.441176 0.036474 0.050420
5 0.086626 0.441176 0.124620 0.058824
3 0.045593 0.600840 0.036474 0.050420
6 0.115502 0.600840 0.182371 0.058824
3 0.282675 0.600840 0.036474 0.050420
6 0.328267 0.600840 0.133739 0.058824
3 0.471125 0.600840 0.036474 0.050420
6 0.530395 0.600840 0.161094 0.058824
1 0.395137 0.783613 0.267477 0.096639
