0 0.605422 0.097291 0.542169 0.056650
4 0.451807 0.097291 0.855422 0.061576
0 0.570783 0.168719 0.478916 0.056650
4 0.418675 0.168719 0.789157 0.061576
0 0.623494 0.240148 0.602410 0.056650
4 0.475904 0.240148 0.903614 0.061576
0 0.524096 0.311576 0.445783 0.056650
4 0.387048 0.311576 0.725904 0.061576
0 0.506024 0.383005 0.397590 0.056650
4 0.365964 0.383005 0.683735 0.061576
0 0.575301 0.454433 0.512048 0.056650
4 0.429217 0.454433 0.810241 0.061576
0 0.599398 0.525862 0.608434 0.056650
4 0.465361 0.525862 0.882530 0.061576
0 0.454819 0.597291 0.277108 0.056650
4 0.310241 0.597291 0.572289 0.061576
0 0.481928 0.668719 0.343373 0.056650
4 0.340361 0.668719 0.632530 0.061576
6 0.045934 0.727217 0.037651 0.030788
7 0.124247 0.727217 0.200301 0.035714
1 0.045934 0.798645 0.037651 0.030788
3 0.136295 0.798645 0.224398 0.035714
1 0.324548 0.798645 0.037651 0.030788
3 0.374247 0.798645 0.143072 0.035714
1 0.521837 0.798645 0.037651 0.030788
3 0.601657 0.800493 0.203313 0.039409
2 0.260542 0.890394 0.280120 0.071429
