7 0.508091 0.178571 0.550162 0.100000
8 0.407767 0.178571 0.757282 0.105714
2 0.059871 0.404286 0.061489 0.054286
5 0.132686 0.404286 0.213592 0.060000
2 0.331715 0.404286 0.061489 0.054286
5 0.394822 0.407143 0.194175 0.065714
2 0.584142 0.404286 0.061489 0.054286
5 0.647249 0.407143 0.194175 0.065714
3 0.059871 0.590000 0.061489 0.054286
6 0.122977 0.592857 0.194175 0.065714
3 0.312298 0.590000 0.061489 0.054286
6 0.372168 0.592857 0.187702 0.065714
1 0.343042 0.777143 0.472492 0.057143
