0 0.552632 0.137037 0.414474 0.081481
4 0.394737 0.137037 0.736842 0.088889
0 0.618421 0.237037 0.513158 0.081481
4 0.452303 0.237037 0.851974 0.088889
0 0.603618 0.337037 0.555921 0.081481
4 0.455592 0.337037 0.858553 0.088889
0 0.516447 0.437037 0.335526 0.081481
4 0.356908 0.437037 0.661184 0.088889
0 0.437500 0.537037 0.184211 0.081481
4 0.279605 0.537037 0.506579 0.088889
6 0.049342 0.618519 0.039474 0.044444
7 0.103618 0.620370 0.154605 0.055556
6 0.263158 0.618519 0.039474 0.044444
7 0.338816 0.620370 0.197368 0.055556
6 0.519737 0.618519 0.039474 0.044444
7 0.611842 0.625926 0.230263 0.066667
1 0.049342 0.718519 0.039474 0.044444
3 0.162829 0.725926 0.273026 0.066667
2 0.286184 0.829630 0.375000 0.066667
