5 0.696370 0.131148 0.587459 0.092896
8 0.511551 0.131148 0.963696 0.098361
5 0.676568 0.234973 0.547855 0.092896
8 0.491749 0.234973 0.924092 0.098361
5 0.653465 0.338798 0.501650 0.092896
8 0.468647 0.338798 0.877888 0.098361
5 0.539604 0.442623 0.273927 0.092896
8 0.354785 0.442623 0.650165 0.098361
5 0.542904 0.546448 0.280528 0.092896
8 0.358086 0.546448 0.656766 0.098361
6 0.060231 0.626366 0.061056 0.050546
7 0.159241 0.626366 0.265677 0.056011
1 0.060231 0.730191 0.061056 0.050546
3 0.159241 0.730191 0.265677 0.056011
1 0.385314 0.730191 0.061056 0.050546
3 0.448020 0.730191 0.193069 0.056011
1 0.637789 0.730191 0.061056 0.050546
3 0.720297 0.730191 0.232673 0.056011
2 0.594059 0.836066 0.673267 0.054645
