0 0.606607 0.095052 0.396396 0.091146
4 0.415916 0.095052 0.783784 0.096354
0 0.629129 0.207031 0.381381 0.091146
4 0.423423 0.207031 0.798799 0.096354
0 0.660661 0.319010 0.450450 0.091146
4 0.456456 0.319010 0.864865 0.096354
0 0.662162 0.430990 0.501502 0.091146
4 0.469970 0.430990 0.891892 0.096354
0 0.612613 0.542969 0.402402 0.091146
4 0.420420 0.542969 0.792793 0.096354
6 0.054805 0.633464 0.055556 0.048177
7 0.110360 0.635417 0.172673 0.057292
6 0.281532 0.633464 0.055556 0.048177
7 0.388138 0.635417 0.274775 0.057292
6 0.610360 0.633464 0.055556 0.048177
7 0.689940 0.635417 0.220721 0.057292
1 0.054805 0.745443 0.055556 0.048177
3 0.108859 0.753906 0.169670 0.070312
2 0.330330 0.860677 0.102102 0.054688
