0 0.341033 0.078025 0.312500 0.060510
4 0.260870 0.078025 0.478261 0.066879
0 0.197011 0.227707 0.182065 0.060510
4 0.156250 0.227707 0.269022 0.066879
0 0.187500 0.377389 0.081522 0.060510
4 0.126359 0.377389 0.209239 0.066879
2 0.038723 0.513535 0.028533 0.033439
5 0.103940 0.513535 0.164402 0.039809
3 0.038723 0.663217 0.028533 0.033439
6 0.082201 0.663217 0.120924 0.039809
3 0.208560 0.663217 0.028533 0.033439
6 0.268342 0.663217 0.153533 0.039809
1 0.145380 0.832803 0.111413 0.073248
