0 0.520231 0.096457 0.710983 0.098425
4 0.450867 0.096457 0.855491 0.106299
6 0.045520 0.298228 0.039017 0.053150
7 0.153902 0.305118 0.261561 0.074803
6 0.359104 0.298228 0.039017 0.053150
7 0.461705 0.305118 0.250000 0.074803
6 0.661127 0.298228 0.039017 0.053150
7 0.756503 0.299213 0.235549 0.062992
1 0.045520 0.522638 0.039017 0.053150
3 0.117775 0.523622 0.189306 0.062992
1 0.286850 0.522638 0.039017 0.053150
3 0.372110 0.523622 0.215318 0.062992
2 0.472543 0.765748 0.390173 0.090551
