0 0.575931 0.188136 0.361032 0.094915
4 0.391117 0.188136 0.736390 0.101695
0 0.550143 0.330508 0.297994 0.094915
4 0.362464 0.330508 0.679083 0.101695
2 0.047278 0.450847 0.042980 0.050847
5 0.173352 0.461017 0.300860 0.077966
2 0.399713 0.450847 0.042980 0.050847
5 0.525788 0.461017 0.300860 0.077966
3 0.047278 0.593220 0.042980 0.050847
6 0.157593 0.603390 0.269341 0.077966
3 0.368195 0.593220 0.042980 0.050847
6 0.500000 0.596610 0.312321 0.064407
1 0.581662 0.742373 0.183381 0.064407
