0 0.196375 0.175245 0.338369 0.061275
4 0.196375 0.150735 0.344411 0.105392
0 0.143505 0.300245 0.232628 0.061275
4 0.143505 0.279412 0.238671 0.098039
0 0.347432 0.439951 0.640483 0.061275
4 0.347432 0.415441 0.646526 0.105392
6 0.047583 0.553309 0.040785 0.033088
7 0.103474 0.553309 0.158610 0.037990
6 0.260574 0.553309 0.040785 0.033088
7 0.316465 0.553309 0.158610 0.037990
1 0.047583 0.685662 0.040785 0.033088
3 0.101964 0.685662 0.155589 0.037990
1 0.257553 0.685662 0.040785 0.033088
3 0.336103 0.685662 0.203927 0.037990
1 0.515861 0.685662 0.040785 0.033088
3 0.570242 0.685662 0.155589 0.037990
2 0.564955 0.840686 0.296073 0.078431
