0 0.422368 0.176380 0.213158 0.095092
4 0.276316 0.176380 0.510526 0.101227
0 0.625000 0.323620 0.665789 0.095092
4 0.490789 0.323620 0.939474 0.101227
6 0.045395 0.448620 0.043421 0.050613
7 0.136184 0.449387 0.230263 0.058282
6 0.323026 0.448620 0.043421 0.050613
7 0.374342 0.455521 0.151316 0.070552
1 0.045395 0.595859 0.043421 0.050613
3 0.142763 0.602761 0.243421 0.070552
1 0.336184 0.595859 0.043421 0.050613
3 0.379605 0.602761 0.135526 0.070552
2 0.567105 0.762270 0.107895 0.088957
