0 0.482201 0.194690 0.485437 0.079646
4 0.377023 0.194690 0.702265 0.085546
6 0.052589 0.347345 0.046926 0.042773
7 0.167476 0.351032 0.283172 0.056047
6 0.394013 0.347345 0.046926 0.042773
7 0.495955 0.347345 0.257282 0.048673
6 0.709547 0.347345 0.046926 0.042773
7 0.811489 0.347345 0.257282 0.048673
1 0.052589 0.518437 0.046926 0.042773
3 0.152913 0.522124 0.254045 0.056047
1 0.364887 0.518437 0.046926 0.042773
3 0.470065 0.518437 0.263754 0.048673
1 0.686893 0.518437 0.046926 0.042773
3 0.740291 0.522124 0.160194 0.056047
2 0.781553 0.721239 0.242718 0.106195
