7 0.498489 0.131902 0.362538 0.092025
8 0.354985 0.131902 0.655589 0.098160
7 0.649547 0.297546 0.664653 0.092025
8 0.506042 0.297546 0.957704 0.098160
2 0.052115 0.439417 0.049849 0.050613
5 0.162387 0.439417 0.276435 0.056748
2 0.382931 0.439417 0.049849 0.050613
5 0.530967 0.439417 0.351964 0.056748
3 0.052115 0.605061 0.049849 0.050613
6 0.200151 0.605061 0.351964 0.056748
3 0.458459 0.605061 0.049849 0.050613
6 0.597432 0.605061 0.333837 0.056748
1 0.578550 0.776074 0.335347 0.061350
