7 0.497214 0.111794 0.403900 0.049140
8 0.363510 0.111794 0.676880 0.054054
7 0.619777 0.214988 0.649025 0.049140
8 0.486072 0.214988 0.922006 0.054054
7 0.463788 0.318182 0.337047 0.049140
8 0.330084 0.318182 0.610028 0.054054
7 0.461003 0.421376 0.331476 0.049140
8 0.327298 0.421376 0.604457 0.054054
7 0.402507 0.524570 0.214485 0.049140
8 0.268802 0.524570 0.487465 0.054054
2 0.041086 0.654177 0.032033 0.028256
5 0.126045 0.657248 0.207521 0.039312
3 0.041086 0.757371 0.032033 0.028256
6 0.098189 0.757371 0.151811 0.033170
1 0.246518 0.868550 0.364903 0.044226
