5 0.431751 0.276119 0.287834 0.069652
8 0.302671 0.276119 0.551929 0.074627
6 0.049703 0.439677 0.045994 0.038557
7 0.101632 0.444030 0.155786 0.052239
6 0.258902 0.439677 0.045994 0.038557
7 0.339021 0.439677 0.212166 0.043532
6 0.524481 0.439677 0.045994 0.038557
7 0.604599 0.439677 0.212166 0.043532
1 0.049703 0.569030 0.045994 0.038557
3 0.140208 0.569030 0.232938 0.043532
1 0.336053 0.569030 0.045994 0.038557
3 0.433976 0.573383 0.247774 0.052239
1 0.637240 0.569030 0.045994 0.038557
3 0.686202 0.569030 0.149852 0.043532
2 0.167656 0.711443 0.145401 0.064677
