0 0.394654 0.210938 0.323899 0.070312
4 0.292453 0.210938 0.534591 0.078125
2 0.044025 0.355469 0.031447 0.039062
5 0.100629 0.355469 0.150943 0.046875
2 0.251572 0.355469 0.031447 0.039062
5 0.308176 0.355469 0.150943 0.046875
2 0.459119 0.355469 0.031447 0.039062
5 0.547170 0.357422 0.213836 0.050781
3 0.044025 0.515625 0.031447 0.039062
6 0.089623 0.515625 0.128931 0.046875
3 0.229560 0.515625 0.031447 0.039062
6 0.306604 0.515625 0.191824 0.046875
1 0.577044 0.708984 0.500000 0.105469
