7 0.511041 0.144947 0.264984 0.061170
8 0.337539 0.144947 0.618297 0.066489
7 0.435331 0.222074 0.113565 0.061170
8 0.261830 0.222074 0.466877 0.066489
7 0.550473 0.299202 0.343849 0.061170
8 0.376972 0.299202 0.697161 0.066489
7 0.585174 0.376330 0.413249 0.061170
8 0.411672 0.376330 0.766562 0.066489
7 0.578864 0.453457 0.400631 0.061170
8 0.405363 0.453457 0.753943 0.066489
7 0.608833 0.530585 0.460568 0.061170
8 0.435331 0.530585 0.813880 0.066489
7 0.470032 0.607713 0.182965 0.061170
8 0.296530 0.607713 0.536278 0.066489
2 0.048896 0.668883 0.041009 0.034574
5 0.113565 0.668883 0.176656 0.039894
2 0.282334 0.668883 0.041009 0.034574
5 0.351735 0.668883 0.186120 0.039894
2 0.525237 0.668883 0.041009 0.034574
5 0.577287 0.668883 0.151420 0.039894
3 0.048896 0.746011 0.041009 0.034574
6 0.094637 0.746011 0.138801 0.039894
3 0.244479 0.746011 0.041009 0.034574
6 0.302839 0.746011 0.164038 0.039894
1 0.588328 0.831117 0.470032 0.050532
