5 0.540842 0.104775 0.764851 0.053050
8 0.474010 0.104775 0.903465 0.058355
5 0.373762 0.245358 0.435644 0.053050
8 0.308168 0.245358 0.571782 0.058355
5 0.404703 0.385942 0.532178 0.053050
8 0.347772 0.385942 0.650990 0.058355
6 0.036510 0.547082 0.028465 0.030504
7 0.064975 0.547082 0.090347 0.035809
1 0.036510 0.687666 0.028465 0.030504
3 0.061262 0.687666 0.082921 0.035809
1 0.163985 0.687666 0.028465 0.030504
3 0.193688 0.687666 0.092822 0.035809
2 0.761139 0.844828 0.086634 0.063660
