7 0.691131 0.096577 0.501529 0.066015
8 0.486239 0.096577 0.917431 0.070905
7 0.706422 0.221271 0.532110 0.066015
8 0.501529 0.221271 0.948012 0.070905
7 0.512232 0.345966 0.143731 0.066015
8 0.307339 0.345966 0.559633 0.070905
7 0.620795 0.470660 0.360856 0.066015
8 0.415902 0.470660 0.776758 0.070905
2 0.050459 0.634474 0.045872 0.036675
5 0.162080 0.636919 0.275229 0.046455
2 0.380734 0.634474 0.045872 0.036675
5 0.507645 0.636919 0.305810 0.046455
2 0.741590 0.634474 0.045872 0.036675
5 0.851682 0.636919 0.272171 0.046455
3 0.050459 0.759169 0.045872 0.036675
6 0.168196 0.766504 0.287462 0.056235
3 0.392966 0.759169 0.045872 0.036675
6 0.452599 0.761614 0.171254 0.046455
3 0.619266 0.759169 0.045872 0.036675
6 0.733945 0.761614 0.281346 0.046455
1 0.415902 0.889976 0.464832 0.048900
