5 0.479518 0.234007 0.689157 0.074074
8 0.424096 0.234007 0.804819 0.080808
6 0.036747 0.366162 0.030120 0.042088
7 0.094578 0.366162 0.150602 0.048822
6 0.230723 0.366162 0.030120 0.042088
7 0.292169 0.370370 0.157831 0.057239
6 0.431928 0.366162 0.030120 0.042088
7 0.468072 0.370370 0.107229 0.057239
1 0.036747 0.517677 0.030120 0.042088
3 0.101807 0.517677 0.165060 0.048822
1 0.245181 0.517677 0.030120 0.042088
3 0.311446 0.521886 0.167470 0.057239
1 0.456024 0.517677 0.030120 0.042088
3 0.493373 0.517677 0.109639 0.048822
1 0.609036 0.517677 0.030120 0.042088
3 0.675301 0.517677 0.167470 0.048822
2 0.795181 0.707071 0.192771 0.117845
