7 0.323529 0.201571 0.064426 0.047120
8 0.191877 0.201571 0.333333 0.052356
7 0.483193 0.308901 0.383754 0.047120
8 0.351541 0.308901 0.652661 0.052356
7 0.578431 0.416230 0.574230 0.047120
8 0.446779 0.416230 0.843137 0.052356
2 0.039916 0.542539 0.029412 0.027487
5 0.097339 0.542539 0.149860 0.032723
2 0.240196 0.542539 0.029412 0.027487
5 0.279412 0.542539 0.113445 0.032723
3 0.039916 0.649869 0.029412 0.027487
6 0.095938 0.649869 0.147059 0.032723
3 0.237395 0.649869 0.029412 0.027487
6 0.303221 0.649869 0.166667 0.032723
3 0.454482 0.649869 0.029412 0.027487
6 0.490896 0.649869 0.107843 0.032723
1 0.679272 0.770942 0.529412 0.054974
