5 0.378419 0.153351 0.410334 0.064433
8 0.306991 0.153351 0.559271 0.069588
5 0.439210 0.261598 0.513678 0.064433
8 0.363222 0.261598 0.671733 0.069588
5 0.451368 0.369845 0.513678 0.064433
8 0.369301 0.369845 0.683891 0.069588
5 0.466565 0.478093 0.568389 0.064433
8 0.390578 0.478093 0.726444 0.069588
6 0.048632 0.569588 0.042553 0.036082
7 0.148936 0.576031 0.249240 0.054124
6 0.352584 0.569588 0.042553 0.036082
7 0.451368 0.576031 0.246201 0.054124
6 0.653495 0.569588 0.042553 0.036082
7 0.734043 0.570876 0.209726 0.043814
1 0.048632 0.677835 0.042553 0.036082
3 0.100304 0.679124 0.151976 0.043814
1 0.255319 0.677835 0.042553 0.036082
3 0.361702 0.679124 0.261398 0.043814
1 0.571429 0.677835 0.042553 0.036082
3 0.655015 0.684278 0.215805 0.054124
2 0.299392 0.798969 0.537994 0.061856
