5 0.540278 0.088808 0.725000 0.053528
8 0.465278 0.088808 0.880556 0.058394
5 0.498611 0.198297 0.636111 0.053528
8 0.422222 0.198297 0.794444 0.058394
5 0.520833 0.307786 0.652778 0.053528
8 0.437500 0.307786 0.825000 0.058394
5 0.461111 0.417275 0.566667 0.053528
8 0.386111 0.417275 0.722222 0.058394
5 0.350000 0.526764 0.311111 0.053528
8 0.266667 0.526764 0.483333 0.058394
6 0.042361 0.622263 0.034722 0.030414
7 0.093750 0.625304 0.143056 0.041363
1 0.042361 0.731752 0.034722 0.030414
3 0.146528 0.731752 0.248611 0.035280
1 0.340972 0.731752 0.034722 0.030414
3 0.425694 0.731752 0.209722 0.035280
1 0.600694 0.731752 0.034722 0.030414
3 0.693750 0.734793 0.226389 0.041363
2 0.295833 0.856448 0.352778 0.060827
