0 0.448101 0.133562 0.263291 0.116438
4 0.301266 0.133562 0.562025 0.123288
0 0.421519 0.273973 0.255696 0.116438
4 0.286076 0.273973 0.531646 0.123288
0 0.517722 0.414384 0.397468 0.116438
4 0.369620 0.414384 0.698734 0.123288
6 0.045570 0.527397 0.045570 0.061644
7 0.160759 0.530822 0.281013 0.075342
1 0.045570 0.667808 0.045570 0.061644
3 0.151899 0.671233 0.263291 0.075342
1 0.354430 0.667808 0.045570 0.061644
3 0.421519 0.671233 0.184810 0.075342
2 0.170886 0.832192 0.260759 0.109589
