5 0.408269 0.253676 0.387597 0.056373
8 0.313953 0.253676 0.581395 0.061275
6 0.040052 0.376225 0.033592 0.031863
7 0.094315 0.377451 0.147287 0.039216
6 0.233850 0.376225 0.033592 0.031863
7 0.275194 0.376225 0.121447 0.036765
1 0.040052 0.513480 0.033592 0.031863
3 0.094315 0.514706 0.147287 0.039216
1 0.233850 0.513480 0.033592 0.031863
3 0.297158 0.514706 0.165375 0.039216
1 0.445736 0.513480 0.033592 0.031863
3 0.498708 0.513480 0.144703 0.036765
2 0.784238 0.669118 0.224806 0.068627
