5 0.313514 0.089918 0.183784 0.092643
8 0.216216 0.089918 0.383784 0.098093
5 0.416216 0.272480 0.394595 0.092643
8 0.320270 0.272480 0.591892 0.098093
6 0.049324 0.431199 0.050000 0.050409
7 0.156081 0.435967 0.268919 0.065395
1 0.049324 0.613760 0.050000 0.050409
3 0.107432 0.613760 0.171622 0.055858
1 0.269595 0.613760 0.050000 0.050409
3 0.406081 0.613760 0.328378 0.055858
1 0.646622 0.613760 0.050000 0.050409
3 0.807432 0.618529 0.377027 0.065395
2 0.793243 0.795640 0.197297 0.049046
