5 0.458904 0.254054 0.545205 0.113514
8 0.379452 0.254054 0.709589 0.124324
6 0.041096 0.375676 0.032877 0.064865
7 0.100000 0.375676 0.156164 0.075676
6 0.246575 0.375676 0.032877 0.064865
7 0.304110 0.383784 0.153425 0.091892
6 0.449315 0.375676 0.032877 0.064865
7 0.480822 0.375676 0.101370 0.075676
1 0.041096 0.527027 0.032877 0.064865
3 0.080822 0.535135 0.117808 0.091892
1 0.208219 0.527027 0.032877 0.064865
3 0.282192 0.527027 0.186301 0.075676
2 0.713699 0.710811 0.101370 0.129730
