5 0.458678 0.122727 0.603306 0.063636
8 0.393939 0.122727 0.738292 0.069697
5 0.556474 0.259091 0.655647 0.063636
8 0.455923 0.259091 0.862259 0.069697
5 0.318182 0.395455 0.316804 0.063636
8 0.252066 0.395455 0.454545 0.069697
6 0.041322 0.569697 0.033058 0.036364
7 0.090909 0.571212 0.137741 0.045455
6 0.228650 0.569697 0.033058 0.036364
7 0.307163 0.575758 0.195592 0.054545
6 0.473829 0.569697 0.033058 0.036364
7 0.545455 0.571212 0.181818 0.045455
1 0.041322 0.706061 0.033058 0.036364
3 0.119835 0.712121 0.195592 0.054545
1 0.286501 0.706061 0.033058 0.036364
3 0.323691 0.707576 0.112948 0.045455
1 0.449036 0.706061 0.033058 0.036364
3 0.512397 0.707576 0.165289 0.045455
2 0.528926 0.860606 0.528926 0.072727
