5 0.491857 0.087366 0.286645 0.077957
8 0.333876 0.087366 0.609121 0.083333
5 0.623779 0.216398 0.550489 0.077957
8 0.465798 0.216398 0.872964 0.083333
5 0.501629 0.345430 0.306189 0.077957
8 0.343648 0.345430 0.628664 0.083333
5 0.661238 0.474462 0.625407 0.077957
8 0.503257 0.474462 0.947883 0.083333
6 0.055375 0.583333 0.052117 0.043011
7 0.174267 0.590054 0.296417 0.061828
6 0.410423 0.583333 0.052117 0.043011
7 0.576547 0.584677 0.390879 0.051075
1 0.055375 0.712366 0.052117 0.043011
3 0.138436 0.719086 0.224756 0.061828
2 0.486971 0.868280 0.257329 0.096774
