0 0.273616 0.210728 0.488599 0.088123
4 0.273616 0.168582 0.495114 0.164751
6 0.049674 0.386015 0.040717 0.047893
7 0.098534 0.386973 0.144951 0.057471
6 0.253257 0.386015 0.040717 0.047893
7 0.307003 0.392720 0.154723 0.068966
1 0.049674 0.589080 0.040717 0.047893
3 0.150651 0.590038 0.249186 0.057471
1 0.357492 0.589080 0.040717 0.047893
3 0.411238 0.595785 0.154723 0.068966
1 0.570847 0.589080 0.040717 0.047893
3 0.671824 0.590038 0.249186 0.057471
2 0.364821 0.831418 0.475570 0.126437
