0 0.404000 0.204852 0.290667 0.061995
4 0.286667 0.204852 0.530667 0.067385
0 0.596000 0.312668 0.776000 0.061995
4 0.504000 0.312668 0.965333 0.067385
0 0.564000 0.420485 0.717333 0.061995
4 0.473333 0.420485 0.904000 0.067385
6 0.040667 0.514151 0.033333 0.033693
7 0.110000 0.514151 0.177333 0.039084
6 0.266000 0.514151 0.033333 0.033693
7 0.348667 0.514151 0.204000 0.039084
6 0.518000 0.514151 0.033333 0.033693
7 0.592667 0.514825 0.188000 0.040431
1 0.040667 0.621968 0.033333 0.033693
3 0.110000 0.622642 0.177333 0.040431
1 0.266000 0.621968 0.033333 0.033693
3 0.302000 0.622642 0.110667 0.040431
2 0.362667 0.750674 0.224000 0.075472
