0 0.241840 0.155738 0.430267 0.072131
4 0.241840 0.127869 0.436202 0.121311
0 0.379822 0.336066 0.706231 0.072131
4 0.379822 0.303279 0.712166 0.131148
2 0.044510 0.483607 0.035608 0.039344
5 0.123145 0.483607 0.198813 0.045902
2 0.296736 0.483607 0.035608 0.039344
5 0.396142 0.483607 0.240356 0.045902
2 0.590504 0.483607 0.035608 0.039344
5 0.670623 0.483607 0.201780 0.045902
3 0.044510 0.654098 0.035608 0.039344
6 0.121662 0.654098 0.195846 0.045902
1 0.332344 0.842623 0.154303 0.075410
