7 0.228288 0.281513 0.119107 0.067227
8 0.156328 0.281513 0.267990 0.072829
7 0.356079 0.382353 0.245658 0.067227
8 0.251861 0.382353 0.459057 0.072829
2 0.039082 0.465686 0.033499 0.037815
5 0.130893 0.465686 0.222084 0.043417
2 0.305831 0.465686 0.033499 0.037815
5 0.370347 0.465686 0.167494 0.043417
2 0.517990 0.465686 0.033499 0.037815
5 0.565136 0.466387 0.132754 0.044818
3 0.039082 0.566527 0.033499 0.037815
6 0.108561 0.567227 0.177419 0.044818
3 0.261166 0.566527 0.033499 0.037815
6 0.330645 0.566527 0.177419 0.043417
3 0.483251 0.566527 0.033499 0.037815
6 0.527916 0.566527 0.127792 0.043417
3 0.655707 0.566527 0.033499 0.037815
6 0.696650 0.566527 0.120347 0.043417
1 0.583127 0.698880 0.143921 0.100840
