5 0.373887 0.256720 0.451039 0.051075
8 0.314540 0.256720 0.575668 0.056452
5 0.556380 0.364247 0.709199 0.051075
8 0.470326 0.364247 0.887240 0.056452
6 0.043027 0.458333 0.032641 0.029570
7 0.090504 0.458333 0.133531 0.034946
6 0.229970 0.458333 0.032641 0.029570
7 0.268546 0.458333 0.115727 0.034946
6 0.399110 0.458333 0.032641 0.029570
7 0.436202 0.458333 0.112760 0.034946
1 0.043027 0.565860 0.032641 0.029570
3 0.106825 0.565860 0.166172 0.034946
2 0.635015 0.685484 0.178042 0.053763
