0 0.620178 0.129450 0.700297 0.080906
4 0.498516 0.129450 0.949555 0.087379
0 0.387240 0.245955 0.293769 0.080906
4 0.280415 0.245955 0.513353 0.087379
0 0.502967 0.362460 0.673591 0.080906
4 0.433234 0.362460 0.818991 0.087379
0 0.538576 0.478964 0.655786 0.080906
4 0.446588 0.478964 0.845697 0.087379
6 0.046736 0.576861 0.040059 0.043689
7 0.097181 0.580906 0.146884 0.058252
6 0.247033 0.576861 0.040059 0.043689
7 0.288576 0.576861 0.129080 0.050162
6 0.429525 0.576861 0.040059 0.043689
7 0.499258 0.576861 0.185460 0.050162
1 0.046736 0.693366 0.040059 0.043689
3 0.086795 0.697411 0.126113 0.058252
2 0.584570 0.836570 0.290801 0.097087
