7 0.565951 0.098191 0.714724 0.046512
8 0.476994 0.098191 0.898773 0.051680
7 0.351227 0.219638 0.401840 0.046512
8 0.291411 0.219638 0.527607 0.051680
7 0.426380 0.341085 0.552147 0.046512
8 0.366564 0.341085 0.677914 0.051680
7 0.438650 0.462532 0.472393 0.046512
8 0.352761 0.462532 0.650307 0.051680
2 0.043712 0.602713 0.032209 0.027132
5 0.115798 0.602713 0.182515 0.032300
2 0.281442 0.602713 0.032209 0.027132
5 0.345859 0.602713 0.167178 0.032300
2 0.503834 0.602713 0.032209 0.027132
5 0.563650 0.602713 0.157975 0.032300
3 0.043712 0.724160 0.032209 0.027132
6 0.108129 0.724160 0.167178 0.032300
3 0.266104 0.724160 0.032209 0.027132
6 0.302914 0.724160 0.111963 0.032300
3 0.433282 0.724160 0.032209 0.027132
6 0.463957 0.724160 0.099693 0.032300
1 0.651840 0.859173 0.481595 0.054264
