0 0.500000 0.200306 0.532338 0.070336
4 0.394279 0.200306 0.748756 0.076453
0 0.356965 0.295107 0.271144 0.070336
4 0.257463 0.295107 0.475124 0.076453
0 0.322139 0.389908 0.271144 0.070336
4 0.240050 0.389908 0.440299 0.076453
0 0.508706 0.484709 0.743781 0.070336
4 0.451493 0.484709 0.863184 0.076453
2 0.037935 0.563456 0.031095 0.038226
5 0.067786 0.563456 0.095771 0.044343
2 0.178483 0.563456 0.031095 0.038226
5 0.244403 0.563456 0.167910 0.044343
2 0.391169 0.563456 0.031095 0.038226
5 0.429726 0.563456 0.113184 0.044343
2 0.549129 0.563456 0.031095 0.038226
5 0.606343 0.563456 0.150498 0.044343
3 0.037935 0.658257 0.031095 0.038226
6 0.107587 0.658257 0.175373 0.044343
3 0.258085 0.658257 0.031095 0.038226
6 0.306592 0.658257 0.133085 0.044343
1 0.475124 0.772171 0.437811 0.076453
