5 0.558140 0.123563 0.521964 0.080460
8 0.422481 0.123563 0.798450 0.086207
5 0.630491 0.290230 0.666667 0.080460
8 0.494832 0.290230 0.943152 0.086207
6 0.043282 0.496408 0.040052 0.044540
7 0.146641 0.501437 0.251938 0.060345
6 0.341731 0.496408 0.040052 0.044540
7 0.385659 0.496408 0.133075 0.050287
1 0.043282 0.663075 0.040052 0.044540
3 0.098837 0.663075 0.156331 0.050287
1 0.246124 0.663075 0.040052 0.044540
3 0.300388 0.663075 0.153747 0.050287
1 0.446382 0.663075 0.040052 0.044540
3 0.517442 0.668103 0.187339 0.060345
2 0.445736 0.849138 0.229974 0.083333
