5 0.455145 0.115646 0.340369 0.088435
8 0.325858 0.115646 0.604222 0.095238
5 0.572559 0.258503 0.575198 0.088435
8 0.443272 0.258503 0.839050 0.095238
5 0.530343 0.401361 0.490765 0.088435
8 0.401055 0.401361 0.754617 0.095238
6 0.042876 0.521259 0.038259 0.049320
7 0.125989 0.523810 0.209763 0.061224
6 0.300132 0.521259 0.038259 0.049320
7 0.377968 0.521259 0.199208 0.056122
6 0.546834 0.521259 0.038259 0.049320
7 0.664248 0.523810 0.278364 0.061224
1 0.042876 0.664116 0.038259 0.049320
3 0.151055 0.664116 0.259894 0.056122
2 0.412929 0.829932 0.414248 0.095238
