0 0.196203 0.201646 0.335443 0.127572
4 0.196203 0.154321 0.341772 0.213992
6 0.054589 0.385802 0.052215 0.067901
7 0.151108 0.385802 0.251582 0.076132
6 0.363133 0.385802 0.052215 0.067901
7 0.467563 0.386831 0.267405 0.078189
6 0.687500 0.385802 0.052215 0.067901
7 0.790348 0.385802 0.264241 0.076132
1 0.054589 0.608025 0.052215 0.067901
3 0.151108 0.608025 0.251582 0.076132
1 0.363133 0.608025 0.052215 0.067901
3 0.415348 0.609053 0.162975 0.078189
2 0.496835 0.864198 0.677215 0.135802
