0 0.283379 0.147239 0.517711 0.085890
4 0.283379 0.115031 0.523161 0.144172
0 0.264305 0.297546 0.479564 0.085890
4 0.264305 0.265337 0.485014 0.144172
0 0.128065 0.460123 0.207084 0.085890
4 0.128065 0.421779 0.212534 0.156442
6 0.044959 0.584356 0.040872 0.046012
7 0.114441 0.584356 0.185286 0.052147
6 0.279292 0.584356 0.040872 0.046012
7 0.369210 0.590491 0.226158 0.064417
1 0.044959 0.734663 0.040872 0.046012
3 0.133515 0.734663 0.223433 0.052147
1 0.317439 0.734663 0.040872 0.046012
3 0.408719 0.734663 0.228883 0.052147
2 0.659401 0.909509 0.474114 0.095092
