0 0.584383 0.086154 0.473552 0.101538
4 0.421914 0.086154 0.803526 0.107692
0 0.355164 0.270769 0.397985 0.101538
4 0.288413 0.270769 0.536524 0.107692
2 0.044710 0.431538 0.044081 0.053846
5 0.101385 0.432308 0.162469 0.061538
2 0.252519 0.431538 0.044081 0.053846
5 0.321788 0.432308 0.187657 0.061538
3 0.044710 0.616154 0.044081 0.053846
6 0.115239 0.623077 0.190176 0.073846
3 0.280227 0.616154 0.044081 0.053846
6 0.348237 0.616923 0.185139 0.061538
1 0.794710 0.823077 0.108312 0.098462
