7 0.655440 0.203085 0.642487 0.084833
8 0.501295 0.203085 0.955959 0.089974
2 0.046632 0.412596 0.046632 0.046272
5 0.104922 0.412596 0.168394 0.051414
2 0.261658 0.412596 0.046632 0.046272
5 0.330311 0.412596 0.189119 0.051414
2 0.497409 0.412596 0.046632 0.046272
5 0.569948 0.417738 0.196891 0.061697
3 0.046632 0.582262 0.046632 0.046272
6 0.169689 0.587404 0.297927 0.061697
3 0.391192 0.582262 0.046632 0.046272
6 0.498705 0.582262 0.266839 0.051414
1 0.125648 0.767352 0.173575 0.077121
