7 0.233553 0.388889 0.092105 0.050505
8 0.156250 0.388889 0.253289 0.055556
2 0.048520 0.443813 0.037829 0.029040
5 0.158717 0.443813 0.264803 0.034091
2 0.372533 0.443813 0.037829 0.029040
5 0.456414 0.443813 0.212171 0.034091
2 0.643914 0.443813 0.037829 0.029040
5 0.722862 0.443813 0.202303 0.034091
3 0.048520 0.511995 0.037829 0.029040
6 0.114309 0.511995 0.175987 0.034091
3 0.283717 0.511995 0.037829 0.029040
6 0.339638 0.513889 0.156250 0.037879
3 0.499178 0.511995 0.037829 0.029040
6 0.555099 0.513889 0.156250 0.037879
1 0.570724 0.599747 0.332237 0.068182
