5 0.506361 0.194444 0.376590 0.087302
8 0.360051 0.194444 0.674300 0.092593
6 0.045802 0.346561 0.045802 0.047619
7 0.161578 0.355820 0.282443 0.071429
6 0.374046 0.346561 0.045802 0.047619
7 0.459288 0.349206 0.221374 0.058201
1 0.045802 0.521164 0.045802 0.047619
3 0.129771 0.523810 0.218830 0.058201
1 0.310433 0.521164 0.045802 0.047619
3 0.421120 0.523810 0.272265 0.058201
1 0.628499 0.521164 0.045802 0.047619
3 0.792621 0.530423 0.379135 0.071429
2 0.643766 0.714286 0.529262 0.084656
