5 0.479532 0.172634 0.467836 0.051151
8 0.371345 0.172634 0.690058 0.056266
5 0.323099 0.290281 0.154971 0.051151
8 0.214912 0.290281 0.377193 0.056266
5 0.422515 0.407928 0.353801 0.051151
8 0.314327 0.407928 0.576023 0.056266
6 0.043129 0.512148 0.033626 0.029412
7 0.094298 0.512148 0.141813 0.034527
6 0.237573 0.512148 0.033626 0.029412
7 0.288743 0.512148 0.141813 0.034527
1 0.043129 0.629795 0.033626 0.029412
3 0.095760 0.629795 0.144737 0.034527
2 0.476608 0.772379 0.538012 0.079284
