0 0.386534 0.104779 0.254364 0.066176
4 0.268080 0.104779 0.496259 0.073529
0 0.512469 0.181985 0.526185 0.066176
4 0.399002 0.181985 0.758105 0.073529
0 0.619701 0.259191 0.720698 0.066176
4 0.501247 0.259191 0.962594 0.073529
0 0.322943 0.336397 0.152120 0.066176
4 0.210723 0.336397 0.381546 0.073529
0 0.498753 0.413603 0.493766 0.066176
4 0.384040 0.413603 0.728180 0.073529
0 0.524938 0.490809 0.511222 0.066176
4 0.401496 0.490809 0.763092 0.073529
0 0.462594 0.568015 0.376559 0.066176
4 0.336658 0.568015 0.633416 0.073529
0 0.506234 0.645221 0.453865 0.066176
4 0.377805 0.645221 0.715711 0.073529
6 0.034913 0.707721 0.024938 0.036765
7 0.088529 0.707721 0.137157 0.044118
6 0.216958 0.707721 0.024938 0.036765
7 0.248130 0.707721 0.092269 0.044118
6 0.354115 0.707721 0.024938 0.036765
7 0.389027 0.707721 0.099751 0.044118
6 0.498753 0.707721 0.024938 0.036765
7 0.527431 0.707721 0.087282 0.044118
1 0.034913 0.784926 0.024938 0.036765
3 0.074813 0.784926 0.109726 0.044118
1 0.189526 0.784926 0.024938 0.036765
3 0.224439 0.784926 0.099751 0.044118
1 0.334165 0.784926 0.024938 0.036765
3 0.400249 0.784926 0.162095 0.044118
1 0.541147 0.784926 0.024938 0.036765
3 0.600998 0.784926 0.149626 0.044118
2 0.518703 0.886029 0.204489 0.084559
