0 0.546326 0.245000 0.511182 0.070000
4 0.415335 0.245000 0.779553 0.075000
0 0.472843 0.360000 0.313099 0.070000
4 0.329073 0.360000 0.607029 0.075000
2 0.052716 0.458750 0.047923 0.037500
5 0.121406 0.458750 0.191693 0.042500
2 0.301917 0.458750 0.047923 0.037500
5 0.362620 0.458750 0.175719 0.042500
2 0.535144 0.458750 0.047923 0.037500
5 0.650160 0.458750 0.284345 0.042500
3 0.052716 0.573750 0.047923 0.037500
6 0.150160 0.573750 0.249201 0.042500
3 0.359425 0.573750 0.047923 0.037500
6 0.405751 0.573750 0.146965 0.042500
1 0.562300 0.713750 0.511182 0.087500
