7 0.563802 0.064433 0.815104 0.056701
8 0.498698 0.064433 0.950521 0.061856
7 0.398438 0.180412 0.244792 0.056701
8 0.273438 0.180412 0.500000 0.061856
7 0.236979 0.296392 0.156250 0.056701
8 0.170573 0.296392 0.294271 0.061856
7 0.263021 0.412371 0.187500 0.056701
8 0.191406 0.412371 0.335938 0.061856
7 0.315104 0.528351 0.171875 0.056701
8 0.213542 0.528351 0.380208 0.061856
2 0.039714 0.670747 0.032552 0.032216
5 0.107422 0.670747 0.173177 0.037371
2 0.259766 0.670747 0.032552 0.032216
5 0.297526 0.672680 0.113281 0.041237
3 0.039714 0.786727 0.032552 0.032216
6 0.097005 0.786727 0.152344 0.037371
3 0.238932 0.786727 0.032552 0.032216
6 0.285807 0.786727 0.131510 0.037371
3 0.417318 0.786727 0.032552 0.032216
6 0.455078 0.786727 0.113281 0.037371
1 0.505208 0.920103 0.171875 0.067010
