5 0.416667 0.085598 0.490196 0.084239
8 0.343137 0.085598 0.642157 0.089674
5 0.363971 0.237772 0.384804 0.084239
8 0.290441 0.237772 0.536765 0.089674
5 0.503676 0.389946 0.468137 0.084239
8 0.381127 0.389946 0.718137 0.089674
6 0.042892 0.585598 0.041667 0.046196
7 0.144608 0.586957 0.250000 0.054348
1 0.042892 0.737772 0.041667 0.046196
3 0.188725 0.744565 0.338235 0.065217
1 0.425245 0.737772 0.041667 0.046196
3 0.550245 0.744565 0.296569 0.065217
1 0.765931 0.737772 0.041667 0.046196
3 0.818627 0.744565 0.151961 0.065217
2 0.191176 0.907609 0.220588 0.081522
