0 0.213296 0.178571 0.376731 0.093407
4 0.213296 0.145604 0.382271 0.153846
0 0.259003 0.348901 0.468144 0.093407
4 0.259003 0.315934 0.473684 0.153846
6 0.049861 0.502747 0.049861 0.049451
7 0.114958 0.508242 0.185596 0.065934
6 0.285319 0.502747 0.049861 0.049451
7 0.331025 0.508242 0.146814 0.065934
6 0.481994 0.502747 0.049861 0.049451
7 0.537396 0.502747 0.166205 0.054945
1 0.049861 0.673077 0.049861 0.049451
3 0.153740 0.678571 0.263158 0.065934
1 0.362881 0.673077 0.049861 0.049451
3 0.421053 0.678571 0.171745 0.065934
2 0.664820 0.848901 0.481994 0.060440
