5 0.590379 0.092705 0.650146 0.097264
8 0.472303 0.092705 0.892128 0.103343
5 0.447522 0.275076 0.370262 0.097264
8 0.330904 0.275076 0.609329 0.103343
6 0.051749 0.502280 0.051020 0.053191
7 0.184402 0.507599 0.322157 0.069909
6 0.426385 0.502280 0.051020 0.053191
7 0.474490 0.507599 0.153061 0.069909
6 0.631924 0.502280 0.051020 0.053191
7 0.693149 0.502280 0.179300 0.059271
1 0.051749 0.684650 0.051020 0.053191
3 0.114431 0.684650 0.182216 0.059271
1 0.286443 0.684650 0.051020 0.053191
3 0.347668 0.684650 0.179300 0.059271
1 0.518222 0.684650 0.051020 0.053191
3 0.623178 0.689970 0.266764 0.069909
2 0.390671 0.893617 0.390671 0.106383
