7 0.351990 0.202970 0.355721 0.061881
8 0.277363 0.202970 0.509950 0.066832
7 0.595771 0.334158 0.728856 0.061881
8 0.492537 0.334158 0.940299 0.066832
2 0.039801 0.496287 0.034826 0.034653
5 0.080846 0.496287 0.121891 0.039604
2 0.206468 0.496287 0.034826 0.034653
5 0.288557 0.496287 0.203980 0.039604
2 0.455224 0.496287 0.034826 0.034653
5 0.517413 0.496287 0.164179 0.039604
3 0.039801 0.627475 0.034826 0.034653
6 0.083333 0.627475 0.126866 0.039604
3 0.211443 0.627475 0.034826 0.034653
6 0.289801 0.627475 0.196517 0.039604
3 0.452736 0.627475 0.034826 0.034653
6 0.503731 0.631188 0.141791 0.047030
3 0.639303 0.627475 0.034826 0.034653
6 0.701493 0.627475 0.164179 0.039604
1 0.258706 0.784653 0.119403 0.086634
