0 0.379795 0.191026 0.462916 0.048718
4 0.317136 0.191026 0.593350 0.053846
0 0.551151 0.301282 0.861893 0.048718
4 0.502558 0.301282 0.964194 0.053846
0 0.506394 0.411538 0.767263 0.048718
4 0.456522 0.411538 0.872123 0.053846
6 0.036445 0.510897 0.026854 0.026923
7 0.065857 0.510897 0.090793 0.032051
6 0.173274 0.510897 0.026854 0.026923
7 0.218031 0.510897 0.121483 0.032051
6 0.340793 0.510897 0.026854 0.026923
7 0.368926 0.512821 0.088235 0.035897
1 0.036445 0.621154 0.026854 0.026923
3 0.064578 0.623077 0.088235 0.035897
2 0.395141 0.760256 0.693095 0.084615
