0 0.384824 0.230570 0.720867 0.062176
4 0.384824 0.205959 0.726287 0.106218
0 0.357724 0.344560 0.666667 0.062176
4 0.357724 0.319948 0.672087 0.106218
0 0.192412 0.458549 0.336043 0.062176
4 0.192412 0.433938 0.341463 0.106218
6 0.042005 0.560881 0.035230 0.033679
7 0.108401 0.560881 0.173442 0.038860
6 0.264228 0.560881 0.035230 0.033679
7 0.300813 0.564767 0.113821 0.046632
1 0.042005 0.674870 0.035230 0.033679
3 0.096206 0.674870 0.149051 0.038860
1 0.239837 0.674870 0.035230 0.033679
3 0.304878 0.674870 0.170732 0.038860
2 0.326558 0.806995 0.246612 0.069948
