0 0.521311 0.093373 0.662295 0.081325
4 0.440984 0.093373 0.829508 0.087349
0 0.568852 0.271084 0.678689 0.081325
4 0.468852 0.271084 0.885246 0.087349
6 0.053279 0.429970 0.047541 0.043675
7 0.115574 0.436747 0.178689 0.063253
6 0.290984 0.429970 0.047541 0.043675
7 0.348361 0.436747 0.168852 0.063253
1 0.053279 0.607681 0.047541 0.043675
3 0.141803 0.608434 0.231148 0.051205
1 0.343443 0.607681 0.047541 0.043675
3 0.428689 0.608434 0.224590 0.051205
1 0.627049 0.607681 0.047541 0.043675
3 0.676230 0.608434 0.152459 0.051205
2 0.450820 0.813253 0.239344 0.099398
