5 0.595101 0.104530 0.561960 0.114983
8 0.452450 0.104530 0.853026 0.121951
6 0.051873 0.381533 0.051873 0.062718
7 0.123919 0.381533 0.201729 0.069686
6 0.305476 0.381533 0.051873 0.062718
7 0.391931 0.381533 0.230548 0.069686
6 0.587896 0.381533 0.051873 0.062718
7 0.639769 0.381533 0.161383 0.069686
1 0.051873 0.608014 0.051873 0.062718
3 0.161383 0.608014 0.276657 0.069686
1 0.380403 0.608014 0.051873 0.062718
3 0.472622 0.613240 0.242075 0.080139
2 0.710375 0.865854 0.210375 0.125436
