0 0.372434 0.127968 0.692082 0.073879
4 0.372434 0.097625 0.697947 0.129288
0 0.372434 0.251979 0.692082 0.073879
4 0.372434 0.225594 0.697947 0.121372
0 0.282991 0.383905 0.513196 0.073879
4 0.282991 0.357520 0.519062 0.121372
0 0.290323 0.523747 0.527859 0.073879
4 0.290323 0.493404 0.533724 0.129288
6 0.048387 0.633245 0.043988 0.039578
7 0.137830 0.635884 0.228739 0.050132
6 0.329912 0.633245 0.043988 0.039578
7 0.385630 0.635884 0.161290 0.050132
6 0.543988 0.633245 0.043988 0.039578
7 0.596774 0.633245 0.155425 0.044855
1 0.048387 0.765172 0.043988 0.039578
3 0.149560 0.765172 0.252199 0.044855
2 0.596774 0.905013 0.190616 0.055409
