0 0.152605 0.265000 0.260546 0.072500
4 0.152605 0.231250 0.265509 0.135000
0 0.243176 0.387500 0.441687 0.072500
4 0.243176 0.358750 0.446650 0.125000
6 0.041563 0.508125 0.038462 0.038750
7 0.087469 0.515000 0.135236 0.057500
6 0.221464 0.508125 0.038462 0.038750
7 0.330645 0.515000 0.261787 0.057500
6 0.527916 0.508125 0.038462 0.038750
7 0.616005 0.510000 0.219603 0.047500
1 0.041563 0.640625 0.038462 0.038750
3 0.089950 0.642500 0.140199 0.047500
1 0.226427 0.640625 0.038462 0.038750
3 0.335608 0.647500 0.261787 0.057500
2 0.325062 0.788750 0.243176 0.070000
