5 0.412742 0.078811 0.293629 0.062016
8 0.293629 0.078811 0.537396 0.067183
5 0.595568 0.208010 0.659280 0.062016
8 0.476454 0.208010 0.903047 0.067183
5 0.337950 0.337209 0.144044 0.062016
8 0.218837 0.337209 0.387812 0.067183
5 0.477839 0.466408 0.423823 0.062016
8 0.358726 0.466408 0.667590 0.067183
6 0.043629 0.625969 0.037396 0.034884
7 0.125346 0.629199 0.206371 0.046512
6 0.299861 0.625969 0.037396 0.034884
7 0.346953 0.629199 0.137119 0.046512
1 0.043629 0.755168 0.037396 0.034884
3 0.117036 0.758398 0.189751 0.046512
2 0.450139 0.899225 0.418283 0.064599
