0 0.565476 0.098280 0.583333 0.085995
4 0.441964 0.098280 0.836310 0.090909
0 0.446429 0.196560 0.595238 0.085995
4 0.385417 0.196560 0.723214 0.090909
0 0.531250 0.294840 0.366071 0.085995
4 0.370536 0.294840 0.693452 0.090909
0 0.300595 0.393120 0.214286 0.085995
4 0.217262 0.393120 0.386905 0.090909
0 0.507440 0.491400 0.520833 0.085995
4 0.397321 0.491400 0.747024 0.090909
0 0.377976 0.589681 0.238095 0.085995
4 0.261905 0.589681 0.476190 0.090909
6 0.054315 0.667690 0.055060 0.045455
7 0.179315 0.671990 0.311012 0.058968
1 0.054315 0.765971 0.055060 0.045455
3 0.165923 0.770270 0.284226 0.058968
1 0.392113 0.765971 0.055060 0.045455
3 0.462054 0.770270 0.200893 0.058968
1 0.646577 0.765971 0.055060 0.045455
3 0.764137 0.770270 0.296131 0.058968
2 0.705357 0.883292 0.398810 0.083538
