5 0.611465 0.126638 0.592357 0.074236
8 0.469745 0.126638 0.882166 0.082969
6 0.044586 0.364629 0.031847 0.043668
7 0.095541 0.364629 0.140127 0.052402
6 0.242038 0.364629 0.031847 0.043668
7 0.288217 0.364629 0.130573 0.052402
1 0.044586 0.569869 0.031847 0.043668
3 0.089172 0.569869 0.127389 0.052402
1 0.229299 0.569869 0.031847 0.043668
3 0.315287 0.569869 0.210191 0.052402
1 0.496815 0.569869 0.031847 0.043668
3 0.542994 0.569869 0.130573 0.052402
2 0.834395 0.825328 0.184713 0.144105
