5 0.518564 0.105882 0.542079 0.079412
8 0.407178 0.105882 0.769802 0.085294
5 0.529703 0.279412 0.564356 0.079412
8 0.418317 0.279412 0.792079 0.085294
6 0.040842 0.488235 0.037129 0.044118
7 0.139851 0.488235 0.240099 0.050000
6 0.325495 0.488235 0.037129 0.044118
7 0.366337 0.491176 0.123762 0.055882
6 0.493812 0.488235 0.037129 0.044118
7 0.600248 0.488235 0.254950 0.050000
1 0.040842 0.661765 0.037129 0.044118
3 0.116337 0.661765 0.193069 0.050000
1 0.278465 0.661765 0.037129 0.044118
3 0.377475 0.664706 0.240099 0.055882
1 0.563119 0.661765 0.037129 0.044118
3 0.644802 0.664706 0.205446 0.055882
2 0.503713 0.857353 0.269802 0.088235
