0 0.300283 0.257042 0.549575 0.091549
4 0.300283 0.220070 0.555241 0.158451
6 0.045326 0.419014 0.039660 0.049296
7 0.137394 0.420775 0.229462 0.059859
6 0.325779 0.419014 0.039660 0.049296
7 0.439093 0.427817 0.271955 0.073944
1 0.045326 0.595070 0.039660 0.049296
3 0.140227 0.596831 0.235127 0.059859
1 0.331445 0.595070 0.039660 0.049296
3 0.392351 0.603873 0.167139 0.073944
1 0.549575 0.595070 0.039660 0.049296
3 0.641643 0.596831 0.229462 0.059859
2 0.412181 0.788732 0.303116 0.084507
