5 0.670455 0.135294 0.620130 0.064706
8 0.506494 0.135294 0.954545 0.070588
5 0.480519 0.267647 0.240260 0.064706
8 0.316558 0.267647 0.574675 0.070588
5 0.589286 0.400000 0.457792 0.064706
8 0.425325 0.400000 0.792208 0.070588
6 0.049513 0.553676 0.040584 0.036765
7 0.133929 0.553676 0.215909 0.042647
6 0.323864 0.553676 0.040584 0.036765
7 0.400162 0.553676 0.199675 0.042647
6 0.581981 0.553676 0.040584 0.036765
7 0.661526 0.553676 0.206169 0.042647
1 0.049513 0.686029 0.040584 0.036765
3 0.112825 0.686029 0.173701 0.042647
1 0.281656 0.686029 0.040584 0.036765
3 0.377435 0.686029 0.238636 0.042647
1 0.578734 0.686029 0.040584 0.036765
3 0.655032 0.686029 0.199675 0.042647
2 0.365260 0.845588 0.665584 0.091176
