0 0.552897 0.135468 0.823678 0.064039
4 0.493703 0.135468 0.947103 0.068966
0 0.549118 0.233990 0.569270 0.064039
4 0.428212 0.233990 0.816121 0.068966
0 0.453401 0.332512 0.493703 0.064039
4 0.361461 0.332512 0.682620 0.068966
0 0.403023 0.431034 0.377834 0.064039
4 0.307305 0.431034 0.574307 0.068966
0 0.492443 0.529557 0.642317 0.064039
4 0.418136 0.529557 0.795970 0.068966
6 0.040302 0.613300 0.035264 0.034483
7 0.091940 0.613300 0.143577 0.039409
6 0.229219 0.613300 0.035264 0.034483
7 0.294710 0.613300 0.171285 0.039409
6 0.445844 0.613300 0.035264 0.034483
7 0.482368 0.616995 0.113350 0.046798
1 0.040302 0.711823 0.035264 0.034483
3 0.091940 0.711823 0.143577 0.039409
2 0.285894 0.818966 0.450882 0.051724
