5 0.425081 0.279793 0.296417 0.067358
8 0.302932 0.279793 0.547231 0.072539
6 0.052932 0.435881 0.047231 0.037565
7 0.106678 0.437824 0.161238 0.046632
6 0.272801 0.435881 0.047231 0.037565
7 0.329805 0.435881 0.167752 0.042746
6 0.499186 0.435881 0.047231 0.037565
7 0.569218 0.437824 0.193811 0.046632
1 0.052932 0.562824 0.047231 0.037565
3 0.150651 0.562824 0.249186 0.042746
1 0.360749 0.562824 0.047231 0.037565
3 0.484528 0.562824 0.301303 0.042746
1 0.720684 0.562824 0.047231 0.037565
3 0.789088 0.562824 0.190554 0.042746
2 0.465798 0.696891 0.482085 0.051813
