0 0.663636 0.239946 0.569697 0.064343
4 0.487879 0.239946 0.927273 0.069705
0 0.666667 0.336461 0.539394 0.064343
4 0.481818 0.336461 0.915152 0.069705
0 0.504545 0.432976 0.275758 0.064343
4 0.334848 0.432976 0.621212 0.069705
6 0.046970 0.514745 0.039394 0.034853
7 0.089394 0.514745 0.130303 0.040214
1 0.046970 0.611260 0.039394 0.034853
3 0.119697 0.611260 0.190909 0.040214
1 0.292424 0.611260 0.039394 0.034853
3 0.393939 0.611260 0.248485 0.040214
1 0.595455 0.611260 0.039394 0.034853
3 0.651515 0.611260 0.157576 0.040214
2 0.231818 0.717158 0.330303 0.053619
