5 0.391688 0.242894 0.314861 0.064599
8 0.287154 0.242894 0.528967 0.069767
6 0.040302 0.370801 0.035264 0.036176
7 0.117128 0.370801 0.193955 0.041344
6 0.279597 0.370801 0.035264 0.036176
7 0.321159 0.374677 0.123426 0.049096
6 0.448363 0.370801 0.035264 0.036176
7 0.496222 0.370801 0.136020 0.041344
1 0.040302 0.515504 0.035264 0.036176
3 0.081864 0.519380 0.123426 0.049096
1 0.209068 0.515504 0.035264 0.036176
3 0.268262 0.515504 0.158690 0.041344
2 0.579345 0.686047 0.156171 0.087855
