0 0.570122 0.275907 0.518293 0.075130
4 0.428354 0.275907 0.807927 0.080311
0 0.570122 0.379534 0.554878 0.075130
4 0.437500 0.379534 0.826220 0.080311
6 0.051067 0.465674 0.047256 0.040155
7 0.171494 0.467617 0.294207 0.049223
6 0.400152 0.465674 0.047256 0.040155
7 0.497713 0.467617 0.248476 0.049223
6 0.703506 0.465674 0.047256 0.040155
7 0.807165 0.467617 0.260671 0.049223
1 0.051067 0.569301 0.047256 0.040155
3 0.136433 0.569301 0.224085 0.045337
2 0.457317 0.689119 0.463415 0.072539
