0 0.447075 0.269968 0.571031 0.089457
4 0.378830 0.269968 0.713092 0.095847
0 0.410864 0.378594 0.348189 0.089457
4 0.305014 0.378594 0.565460 0.095847
6 0.045961 0.466454 0.041783 0.047923
7 0.098886 0.472843 0.153203 0.067093
6 0.249304 0.466454 0.041783 0.047923
7 0.324513 0.466454 0.197772 0.054313
6 0.497214 0.466454 0.041783 0.047923
7 0.576602 0.466454 0.206128 0.054313
1 0.045961 0.575080 0.041783 0.047923
3 0.123955 0.581470 0.203343 0.067093
2 0.852368 0.699681 0.133705 0.079872
