0 0.451613 0.056373 0.457478 0.058824
4 0.353372 0.056373 0.659824 0.063725
0 0.501466 0.134804 0.621701 0.058824
4 0.419355 0.134804 0.791789 0.063725
0 0.520528 0.213235 0.753666 0.058824
4 0.461877 0.213235 0.876833 0.063725
0 0.570381 0.291667 0.700880 0.058824
4 0.473607 0.291667 0.900293 0.063725
0 0.368035 0.370098 0.219941 0.058824
4 0.252199 0.370098 0.457478 0.063725
0 0.268328 0.448529 0.137830 0.058824
4 0.181818 0.448529 0.316716 0.063725
0 0.208211 0.526961 0.129032 0.058824
4 0.149560 0.526961 0.252199 0.063725
0 0.585044 0.605392 0.718475 0.058824
4 0.485337 0.605392 0.923754 0.063725
0 0.526393 0.683824 0.724340 0.058824
4 0.457478 0.683824 0.868035 0.063725
6 0.045455 0.748775 0.038123 0.031863
7 0.151026 0.752451 0.255132 0.044118
6 0.353372 0.748775 0.038123 0.031863
7 0.409091 0.748775 0.155425 0.036765
1 0.045455 0.827206 0.038123 0.031863
3 0.104106 0.827206 0.161290 0.036765
1 0.259531 0.827206 0.038123 0.031863
3 0.300587 0.827206 0.126100 0.036765
1 0.438416 0.827206 0.038123 0.031863
3 0.529326 0.827206 0.225806 0.036765
2 0.488270 0.912990 0.478006 0.046569
