7 0.509284 0.205882 0.673740 0.049020
8 0.436340 0.205882 0.824934 0.053922
7 0.489390 0.333333 0.527851 0.049020
8 0.389920 0.333333 0.732095 0.053922
2 0.039125 0.447917 0.030504 0.028186
5 0.098806 0.448529 0.155172 0.034314
3 0.039125 0.575368 0.030504 0.028186
6 0.116048 0.579657 0.189655 0.041667
3 0.276525 0.575368 0.030504 0.028186
6 0.333554 0.575980 0.149867 0.034314
3 0.474138 0.575368 0.030504 0.028186
6 0.520557 0.575980 0.128647 0.034314
1 0.636605 0.724265 0.509284 0.071078
