0 0.348348 0.130915 0.642643 0.063091
4 0.348348 0.105678 0.648649 0.107256
0 0.271772 0.257098 0.489489 0.063091
4 0.271772 0.231861 0.495495 0.107256
0 0.124625 0.389590 0.195195 0.063091
4 0.124625 0.361199 0.201201 0.113565
0 0.178679 0.509464 0.303303 0.063091
4 0.178679 0.484227 0.309309 0.107256
6 0.043544 0.621451 0.033033 0.034700
7 0.090090 0.621451 0.132132 0.041009
6 0.229730 0.621451 0.033033 0.034700
7 0.282282 0.621451 0.144144 0.041009
1 0.043544 0.747634 0.033033 0.034700
3 0.114114 0.747634 0.180180 0.041009
1 0.277778 0.747634 0.033033 0.034700
3 0.330330 0.747634 0.144144 0.041009
2 0.228228 0.886435 0.306306 0.059937
