0 0.431667 0.128342 0.336667 0.064171
4 0.315000 0.128342 0.576667 0.069519
0 0.598333 0.262032 0.496667 0.064171
4 0.438333 0.262032 0.823333 0.069519
0 0.555000 0.395722 0.716667 0.064171
4 0.471667 0.395722 0.890000 0.069519
2 0.051667 0.514706 0.043333 0.034759
5 0.171667 0.518717 0.290000 0.048128
3 0.051667 0.648396 0.043333 0.034759
6 0.163333 0.648396 0.273333 0.040107
3 0.385000 0.648396 0.043333 0.034759
6 0.490000 0.648396 0.260000 0.040107
1 0.368333 0.791444 0.610000 0.053476
