0 0.100551 0.140199 0.151515 0.049628
4 0.100551 0.120347 0.157025 0.084367
0 0.325069 0.264268 0.600551 0.049628
4 0.325069 0.241935 0.606061 0.089330
0 0.239669 0.378412 0.429752 0.049628
4 0.239669 0.358561 0.435262 0.084367
0 0.112948 0.502481 0.176309 0.049628
4 0.112948 0.480149 0.181818 0.089330
6 0.039945 0.605459 0.030303 0.027295
7 0.097796 0.605459 0.151515 0.032258
1 0.039945 0.724566 0.030303 0.027295
3 0.089532 0.724566 0.134986 0.032258
1 0.224518 0.724566 0.030303 0.027295
3 0.267218 0.724566 0.121212 0.032258
1 0.395317 0.724566 0.030303 0.027295
3 0.432507 0.724566 0.110193 0.032258
2 0.235537 0.853598 0.239669 0.047146
