5 0.524804 0.179310 0.469974 0.117241
8 0.392950 0.179310 0.738903 0.124138
6 0.047650 0.338793 0.048303 0.063793
7 0.112924 0.339655 0.184073 0.072414
6 0.278721 0.338793 0.048303 0.063793
7 0.421018 0.339655 0.338120 0.072414
1 0.047650 0.528448 0.048303 0.063793
3 0.156005 0.529310 0.270235 0.072414
1 0.364883 0.528448 0.048303 0.063793
3 0.424935 0.529310 0.173629 0.072414
1 0.585509 0.528448 0.048303 0.063793
3 0.693864 0.529310 0.270235 0.072414
2 0.271540 0.725862 0.266319 0.079310
