0 0.440299 0.313433 0.402985 0.069652
4 0.332090 0.313433 0.624378 0.074627
6 0.041045 0.406716 0.037313 0.037313
7 0.140547 0.411692 0.241294 0.052239
6 0.327114 0.406716 0.037313 0.037313
7 0.364428 0.406716 0.116915 0.042289
6 0.488806 0.406716 0.037313 0.037313
7 0.564677 0.406716 0.194030 0.042289
6 0.727612 0.406716 0.037313 0.037313
7 0.774876 0.411692 0.136816 0.052239
1 0.041045 0.516169 0.037313 0.037313
3 0.116915 0.516169 0.194030 0.042289
1 0.279851 0.516169 0.037313 0.037313
3 0.361940 0.521144 0.206468 0.052239
2 0.733831 0.641791 0.124378 0.069652
