7 0.629199 0.085025 0.726098 0.068528
8 0.509044 0.085025 0.971576 0.073604
7 0.556848 0.234772 0.612403 0.068528
8 0.444444 0.234772 0.842377 0.073604
7 0.260982 0.384518 0.149871 0.068528
8 0.180879 0.384518 0.315245 0.073604
2 0.042636 0.572335 0.038760 0.038071
5 0.180879 0.578680 0.320413 0.055838
2 0.409561 0.572335 0.038760 0.038071
5 0.500000 0.573604 0.224806 0.045685
3 0.042636 0.722081 0.038760 0.038071
6 0.108527 0.728426 0.175711 0.055838
3 0.264858 0.722081 0.038760 0.038071
6 0.361757 0.723350 0.237726 0.045685
1 0.196382 0.879442 0.341085 0.053299
