5 0.458333 0.143491 0.468391 0.050296
8 0.360632 0.143491 0.669540 0.056213
5 0.501437 0.270710 0.554598 0.050296
8 0.403736 0.270710 0.755747 0.056213
5 0.334770 0.397929 0.221264 0.050296
8 0.237069 0.397929 0.422414 0.056213
6 0.040230 0.511834 0.028736 0.029586
7 0.100575 0.511834 0.155172 0.035503
1 0.040230 0.639053 0.028736 0.029586
3 0.100575 0.639053 0.155172 0.035503
1 0.247126 0.639053 0.028736 0.029586
3 0.280172 0.639053 0.100575 0.035503
2 0.293103 0.788462 0.419540 0.073964
