0 0.403947 0.129573 0.192105 0.088415
4 0.261842 0.129573 0.481579 0.094512
0 0.534211 0.266768 0.436842 0.088415
4 0.388158 0.266768 0.734211 0.094512
0 0.572368 0.403963 0.502632 0.088415
4 0.423684 0.403963 0.805263 0.094512
6 0.044079 0.520579 0.040789 0.047256
7 0.117763 0.525915 0.193421 0.064024
6 0.284868 0.520579 0.040789 0.047256
7 0.333553 0.520579 0.143421 0.053354
6 0.475658 0.520579 0.040789 0.047256
7 0.555921 0.525915 0.206579 0.064024
1 0.044079 0.657774 0.040789 0.047256
3 0.115132 0.657774 0.188158 0.053354
1 0.279605 0.657774 0.040789 0.047256
3 0.350658 0.657774 0.188158 0.053354
2 0.676316 0.807927 0.336842 0.073171
