5 0.334758 0.160448 0.270655 0.082090
8 0.249288 0.160448 0.447293 0.087065
5 0.371795 0.287313 0.196581 0.082090
8 0.249288 0.287313 0.447293 0.087065
5 0.443020 0.414179 0.242165 0.082090
8 0.296296 0.414179 0.541311 0.087065
6 0.051282 0.519900 0.051282 0.044776
7 0.129630 0.521144 0.213675 0.052239
1 0.051282 0.646766 0.051282 0.044776
3 0.143875 0.648010 0.242165 0.052239
1 0.344729 0.646766 0.051282 0.044776
3 0.451567 0.648010 0.270655 0.052239
1 0.666667 0.646766 0.051282 0.044776
3 0.717949 0.648010 0.159544 0.052239
2 0.264957 0.781095 0.227920 0.059701
