5 0.509409 0.091864 0.416667 0.081365
8 0.372312 0.091864 0.696237 0.086614
5 0.473118 0.241470 0.344086 0.081365
8 0.336022 0.241470 0.623656 0.086614
5 0.467742 0.391076 0.333333 0.081365
8 0.330645 0.391076 0.612903 0.086614
6 0.047043 0.580052 0.045699 0.044619
7 0.099462 0.580052 0.155914 0.049869
1 0.047043 0.729659 0.045699 0.044619
3 0.143817 0.729659 0.244624 0.049869
1 0.340054 0.729659 0.045699 0.044619
3 0.477151 0.729659 0.325269 0.049869
2 0.584677 0.898950 0.379032 0.083990
