5 0.329700 0.203947 0.147139 0.092105
8 0.215259 0.203947 0.381471 0.097368
6 0.050409 0.351316 0.051771 0.050000
7 0.168937 0.360526 0.294278 0.073684
6 0.393733 0.351316 0.051771 0.050000
7 0.475477 0.353947 0.220708 0.060526
6 0.663488 0.351316 0.051771 0.050000
7 0.758856 0.353947 0.247956 0.060526
1 0.050409 0.522368 0.051771 0.050000
3 0.126703 0.525000 0.209809 0.060526
1 0.309264 0.522368 0.051771 0.050000
3 0.404632 0.525000 0.247956 0.060526
1 0.606267 0.522368 0.051771 0.050000
3 0.734332 0.525000 0.313351 0.060526
2 0.608992 0.700000 0.177112 0.063158
