5 0.500000 0.182065 0.606796 0.070652
8 0.413835 0.182065 0.783981 0.076087
5 0.480583 0.323370 0.567961 0.070652
8 0.394417 0.323370 0.745146 0.076087
6 0.039442 0.446332 0.035194 0.039402
7 0.090413 0.446332 0.141990 0.044837
1 0.039442 0.587636 0.035194 0.039402
3 0.138956 0.587636 0.239078 0.044837
1 0.322209 0.587636 0.035194 0.039402
3 0.365898 0.587636 0.127427 0.044837
1 0.493325 0.587636 0.035194 0.039402
3 0.539442 0.587636 0.132282 0.044837
2 0.591019 0.755435 0.541262 0.092391
