0 0.647059 0.123711 0.635294 0.056701
4 0.495588 0.123711 0.944118 0.061856
0 0.636765 0.224227 0.644118 0.056701
4 0.492647 0.224227 0.938235 0.061856
0 0.613235 0.324742 0.526471 0.056701
4 0.451471 0.324742 0.855882 0.061856
0 0.617647 0.425258 0.558824 0.056701
4 0.461765 0.425258 0.876471 0.061856
0 0.629412 0.525773 0.647059 0.056701
4 0.489706 0.525773 0.932353 0.061856
6 0.044118 0.613402 0.035294 0.030928
7 0.120588 0.614691 0.194118 0.038660
6 0.291176 0.613402 0.035294 0.030928
7 0.377941 0.614691 0.214706 0.038660
1 0.044118 0.713918 0.035294 0.030928
3 0.094118 0.719072 0.141176 0.046392
1 0.238235 0.713918 0.035294 0.030928
3 0.305882 0.715206 0.176471 0.038660
1 0.467647 0.713918 0.035294 0.030928
3 0.535294 0.715206 0.176471 0.038660
2 0.316176 0.837629 0.479412 0.077320
