5 0.377724 0.138298 0.256659 0.085106
8 0.265133 0.138298 0.486683 0.092199
6 0.038136 0.318262 0.032688 0.047872
7 0.080508 0.319149 0.122276 0.056738
6 0.203995 0.318262 0.032688 0.047872
7 0.300847 0.324468 0.231235 0.067376
1 0.038136 0.520390 0.032688 0.047872
3 0.114407 0.521277 0.190073 0.056738
1 0.271792 0.520390 0.032688 0.047872
3 0.317797 0.521277 0.129540 0.056738
1 0.444915 0.520390 0.032688 0.047872
3 0.529661 0.521277 0.207022 0.056738
1 0.695521 0.520390 0.032688 0.047872
3 0.745157 0.526596 0.136804 0.067376
2 0.410412 0.751773 0.346247 0.106383
