0 0.405928 0.268473 0.435567 0.073892
4 0.323454 0.268473 0.605670 0.078818
0 0.393041 0.357143 0.306701 0.073892
4 0.284794 0.357143 0.528351 0.078818
0 0.358247 0.445813 0.417526 0.073892
4 0.295103 0.445813 0.548969 0.078818
6 0.043814 0.517241 0.041237 0.039409
7 0.114691 0.517241 0.188144 0.044335
6 0.278351 0.517241 0.041237 0.039409
7 0.349227 0.517241 0.188144 0.044335
1 0.043814 0.605911 0.041237 0.039409
3 0.114691 0.609606 0.188144 0.051724
2 0.349227 0.699507 0.646907 0.049261
