5 0.521538 0.197789 0.193846 0.071253
8 0.324615 0.197789 0.593846 0.076167
5 0.606154 0.332924 0.363077 0.071253
8 0.409231 0.332924 0.763077 0.076167
6 0.052308 0.511057 0.049231 0.039312
7 0.104615 0.519656 0.160000 0.061425
6 0.267692 0.511057 0.049231 0.039312
7 0.375385 0.519656 0.270769 0.061425
6 0.593846 0.511057 0.049231 0.039312
7 0.701538 0.519656 0.270769 0.061425
1 0.052308 0.646192 0.049231 0.039312
3 0.130769 0.649877 0.212308 0.051597
2 0.381538 0.787469 0.276923 0.051597
