7 0.469880 0.126685 0.612048 0.083558
8 0.400000 0.126685 0.756627 0.088949
7 0.372289 0.245283 0.296386 0.083558
8 0.272289 0.245283 0.501205 0.088949
7 0.437349 0.363881 0.339759 0.083558
8 0.315663 0.363881 0.587952 0.088949
7 0.560241 0.482480 0.802410 0.083558
8 0.492771 0.482480 0.942169 0.088949
2 0.042169 0.579515 0.040964 0.045822
5 0.122892 0.579515 0.207229 0.051213
2 0.292771 0.579515 0.040964 0.045822
5 0.372289 0.579515 0.204819 0.051213
2 0.540964 0.579515 0.040964 0.045822
5 0.590361 0.579515 0.144578 0.051213
2 0.728916 0.579515 0.040964 0.045822
5 0.775904 0.579515 0.139759 0.051213
3 0.042169 0.698113 0.040964 0.045822
6 0.091566 0.698113 0.144578 0.051213
3 0.230120 0.698113 0.040964 0.045822
6 0.332530 0.700809 0.250602 0.056604
3 0.524096 0.698113 0.040964 0.045822
6 0.565060 0.700809 0.127711 0.056604
3 0.695181 0.698113 0.040964 0.045822
6 0.751807 0.700809 0.159036 0.056604
1 0.596386 0.831536 0.363855 0.075472
