0 0.524457 0.262712 0.271739 0.075061
4 0.342391 0.262712 0.641304 0.079903
0 0.582880 0.371671 0.372283 0.075061
4 0.396739 0.371671 0.750000 0.079903
6 0.046875 0.463075 0.044837 0.039952
7 0.170516 0.467312 0.297554 0.053269
6 0.393342 0.463075 0.044837 0.039952
7 0.506114 0.467312 0.275815 0.053269
6 0.718071 0.463075 0.044837 0.039952
7 0.779212 0.463075 0.172554 0.044794
1 0.046875 0.572034 0.044837 0.039952
3 0.103940 0.572034 0.164402 0.044794
1 0.260190 0.572034 0.044837 0.039952
3 0.386549 0.572034 0.302989 0.044794
2 0.191576 0.697337 0.171196 0.072639
