7 0.605960 0.091566 0.450331 0.057831
8 0.432119 0.091566 0.804636 0.062651
7 0.476821 0.171084 0.192053 0.057831
8 0.302980 0.171084 0.546358 0.062651
7 0.478477 0.250602 0.195364 0.057831
8 0.304636 0.250602 0.549669 0.062651
7 0.591060 0.330120 0.420530 0.057831
8 0.417219 0.330120 0.774834 0.062651
7 0.526490 0.409639 0.291391 0.057831
8 0.352649 0.409639 0.645695 0.062651
7 0.592715 0.489157 0.423841 0.057831
8 0.418874 0.489157 0.778146 0.062651
7 0.632450 0.568675 0.503311 0.057831
8 0.458609 0.568675 0.857616 0.062651
7 0.632450 0.648193 0.503311 0.057831
8 0.458609 0.648193 0.857616 0.062651
2 0.052152 0.712651 0.044702 0.032530
5 0.115066 0.713253 0.177152 0.038554
3 0.052152 0.792169 0.044702 0.032530
6 0.168046 0.792771 0.283113 0.038554
1 0.566225 0.886747 0.264901 0.062651
