0 0.509709 0.084639 0.585761 0.084639
4 0.415858 0.084639 0.779935 0.090909
0 0.320388 0.266458 0.207120 0.084639
4 0.226537 0.266458 0.401294 0.090909
2 0.052589 0.428683 0.046926 0.045455
5 0.191748 0.429467 0.331715 0.053292
2 0.442557 0.428683 0.046926 0.045455
5 0.554207 0.429467 0.276699 0.053292
3 0.052589 0.610502 0.046926 0.045455
6 0.173948 0.611285 0.296117 0.053292
3 0.406958 0.610502 0.046926 0.045455
6 0.512136 0.611285 0.263754 0.053292
3 0.728964 0.610502 0.046926 0.045455
6 0.835761 0.611285 0.266990 0.053292
1 0.444984 0.810345 0.663430 0.081505
