7 0.407862 0.126722 0.176904 0.082645
8 0.260442 0.126722 0.476658 0.088154
7 0.654791 0.245179 0.670762 0.082645
8 0.507371 0.245179 0.970516 0.088154
7 0.507371 0.363636 0.375921 0.082645
8 0.359951 0.363636 0.675676 0.088154
7 0.563882 0.482094 0.488943 0.082645
8 0.416462 0.482094 0.788698 0.088154
2 0.042383 0.579201 0.040541 0.045455
5 0.119779 0.579201 0.200246 0.050964
2 0.286855 0.579201 0.040541 0.045455
5 0.361794 0.579201 0.195332 0.050964
3 0.042383 0.697658 0.040541 0.045455
6 0.085381 0.697658 0.131450 0.050964
1 0.613022 0.826446 0.420147 0.066116
