7 0.564103 0.193506 0.830769 0.062338
8 0.502564 0.193506 0.958974 0.067532
7 0.541026 0.328571 0.487179 0.062338
8 0.405128 0.328571 0.764103 0.067532
2 0.040385 0.494156 0.034615 0.035065
5 0.095513 0.497403 0.150000 0.046753
2 0.236538 0.494156 0.034615 0.035065
5 0.283974 0.494156 0.134615 0.040260
2 0.417308 0.494156 0.034615 0.035065
5 0.467308 0.497403 0.139744 0.046753
3 0.040385 0.629221 0.034615 0.035065
6 0.104487 0.629221 0.167949 0.040260
3 0.254487 0.629221 0.034615 0.035065
6 0.359615 0.629221 0.250000 0.040260
1 0.394872 0.780519 0.487179 0.067532
