0 0.409794 0.255051 0.371134 0.045455
4 0.309278 0.255051 0.577320 0.050505
0 0.350515 0.361111 0.345361 0.045455
4 0.273196 0.361111 0.505155 0.050505
2 0.036082 0.457071 0.025773 0.025253
5 0.073454 0.457071 0.105670 0.030303
2 0.188144 0.457071 0.025773 0.025253
5 0.226804 0.457071 0.108247 0.030303
3 0.036082 0.563131 0.025773 0.025253
6 0.069588 0.563131 0.097938 0.030303
3 0.180412 0.563131 0.025773 0.025253
6 0.257732 0.563131 0.185567 0.030303
1 0.393041 0.680556 0.440722 0.047980
