0 0.495312 0.192953 0.334375 0.063758
4 0.345313 0.192953 0.640625 0.070470
2 0.044531 0.346477 0.032813 0.035235
5 0.121094 0.346477 0.192188 0.041946
2 0.292969 0.346477 0.032813 0.035235
5 0.369531 0.347315 0.192188 0.043624
2 0.541406 0.346477 0.032813 0.035235
5 0.613281 0.346477 0.182812 0.041946
3 0.044531 0.514262 0.032813 0.035235
6 0.121094 0.515101 0.192188 0.043624
3 0.292969 0.514262 0.032813 0.035235
6 0.349219 0.514262 0.151562 0.041946
1 0.521875 0.704698 0.525000 0.080537
