0 0.189560 0.224051 0.329670 0.073418
4 0.189560 0.196203 0.335165 0.124051
0 0.347527 0.368354 0.645604 0.073418
4 0.347527 0.340506 0.651099 0.124051
6 0.046016 0.500633 0.042582 0.039241
7 0.180632 0.501266 0.317308 0.045570
6 0.412775 0.500633 0.042582 0.039241
7 0.532280 0.506329 0.287088 0.055696
1 0.046016 0.644937 0.042582 0.039241
3 0.106456 0.645570 0.168956 0.045570
1 0.264423 0.644937 0.042582 0.039241
3 0.389423 0.650633 0.298077 0.055696
2 0.741758 0.801266 0.241758 0.063291
