0 0.290361 0.209402 0.537349 0.085470
4 0.290361 0.179487 0.542169 0.139601
0 0.121687 0.363248 0.200000 0.085470
4 0.121687 0.333333 0.204819 0.139601
2 0.040964 0.502849 0.038554 0.045584
5 0.125301 0.502849 0.212048 0.051282
2 0.296386 0.502849 0.038554 0.045584
5 0.350602 0.502849 0.151807 0.051282
2 0.491566 0.502849 0.038554 0.045584
5 0.581928 0.502849 0.224096 0.051282
2 0.759036 0.502849 0.038554 0.045584
5 0.849398 0.502849 0.224096 0.051282
3 0.040964 0.656695 0.038554 0.045584
6 0.092771 0.660969 0.146988 0.059829
3 0.231325 0.656695 0.038554 0.045584
6 0.292771 0.656695 0.166265 0.051282
3 0.440964 0.656695 0.038554 0.045584
6 0.492771 0.660969 0.146988 0.059829
1 0.720482 0.819088 0.428916 0.062678
