0 0.662252 0.079268 0.668874 0.085366
4 0.513245 0.079268 0.973510 0.090244
0 0.314570 0.210976 0.231788 0.085366
4 0.230132 0.210976 0.407285 0.090244
0 0.493377 0.342683 0.370861 0.085366
4 0.354305 0.342683 0.655629 0.090244
0 0.632450 0.474390 0.569536 0.085366
4 0.473510 0.474390 0.894040 0.090244
6 0.060430 0.585976 0.061258 0.045122
7 0.134934 0.586585 0.216887 0.051220
6 0.336921 0.585976 0.061258 0.045122
7 0.404801 0.586585 0.203642 0.051220
1 0.060430 0.717683 0.061258 0.045122
3 0.212748 0.718293 0.372517 0.051220
2 0.451987 0.848780 0.579470 0.043902
