7 0.336898 0.080357 0.192513 0.056122
8 0.229947 0.080357 0.411765 0.061224
7 0.554813 0.149235 0.606952 0.056122
8 0.442513 0.149235 0.836898 0.061224
7 0.389037 0.218112 0.248663 0.056122
8 0.270053 0.218112 0.491979 0.061224
7 0.569519 0.286990 0.727273 0.056122
8 0.479947 0.286990 0.911765 0.061224
7 0.522727 0.355867 0.590909 0.056122
8 0.422460 0.355867 0.796791 0.061224
7 0.573529 0.424745 0.778075 0.056122
8 0.494652 0.424745 0.941176 0.061224
7 0.510695 0.493622 0.700535 0.056122
8 0.443850 0.493622 0.839572 0.061224
7 0.450535 0.562500 0.393048 0.056122
8 0.336898 0.562500 0.625668 0.061224
7 0.381016 0.631378 0.302139 0.056122
8 0.279412 0.631378 0.510695 0.061224
7 0.505348 0.700255 0.641711 0.056122
8 0.426471 0.700255 0.804813 0.061224
2 0.040775 0.754464 0.033422 0.031888
5 0.119652 0.758929 0.196524 0.045918
3 0.040775 0.823342 0.033422 0.031888
6 0.098262 0.827806 0.153743 0.045918
1 0.700535 0.911990 0.181818 0.071429
