5 0.616310 0.280519 0.708556 0.054545
8 0.498663 0.280519 0.949198 0.059740
5 0.491979 0.379221 0.459893 0.054545
8 0.374332 0.379221 0.700535 0.059740
6 0.040107 0.463636 0.032086 0.031169
7 0.114973 0.463636 0.187166 0.036364
6 0.275401 0.463636 0.032086 0.031169
7 0.336898 0.466234 0.160428 0.041558
6 0.483957 0.463636 0.032086 0.031169
7 0.518717 0.463636 0.106952 0.036364
1 0.040107 0.562338 0.032086 0.031169
3 0.074866 0.562338 0.106952 0.036364
2 0.498663 0.679221 0.596257 0.067532
