0 0.438287 0.174359 0.513854 0.061538
4 0.358942 0.174359 0.677582 0.066667
0 0.357683 0.292308 0.372796 0.061538
4 0.283375 0.292308 0.526448 0.066667
0 0.473552 0.410256 0.443325 0.061538
4 0.358942 0.410256 0.677582 0.066667
6 0.039043 0.514103 0.032746 0.033333
7 0.107053 0.514103 0.173804 0.038462
6 0.258186 0.514103 0.032746 0.033333
7 0.328715 0.514103 0.178841 0.038462
1 0.039043 0.632051 0.032746 0.033333
3 0.123426 0.632051 0.206549 0.038462
1 0.290932 0.632051 0.032746 0.033333
3 0.367758 0.633333 0.191436 0.041026
2 0.340050 0.761538 0.272040 0.056410
