0 0.396605 0.070560 0.120370 0.051095
4 0.242284 0.070560 0.435185 0.055961
0 0.516975 0.145985 0.330247 0.051095
4 0.354938 0.145985 0.660494 0.055961
0 0.563272 0.221411 0.459877 0.051095
4 0.410494 0.221411 0.771605 0.055961
0 0.481481 0.296837 0.296296 0.051095
4 0.328704 0.296837 0.608025 0.055961
0 0.408951 0.372263 0.169753 0.051095
4 0.260802 0.372263 0.472222 0.055961
0 0.587963 0.447689 0.490741 0.051095
4 0.430556 0.447689 0.811728 0.055961
0 0.569444 0.523114 0.503086 0.051095
4 0.424383 0.523114 0.799383 0.055961
0 0.572531 0.598540 0.459877 0.051095
4 0.415123 0.598540 0.780864 0.055961
0 0.574074 0.673966 0.512346 0.051095
4 0.429012 0.673966 0.808642 0.055961
6 0.045525 0.737835 0.035494 0.027981
7 0.125772 0.737835 0.202160 0.032847
1 0.045525 0.813260 0.035494 0.027981
3 0.125772 0.815085 0.202160 0.036496
2 0.274691 0.897810 0.148148 0.046229
