7 0.545082 0.083791 0.603825 0.046703
8 0.437158 0.083791 0.825137 0.052198
7 0.562842 0.193681 0.639344 0.046703
8 0.454918 0.193681 0.860656 0.052198
7 0.536885 0.303571 0.587432 0.046703
8 0.428962 0.303571 0.808743 0.052198
7 0.403005 0.413462 0.319672 0.046703
8 0.295082 0.413462 0.540984 0.052198
7 0.377049 0.523352 0.267760 0.046703
8 0.269126 0.523352 0.489071 0.052198
2 0.038251 0.653846 0.027322 0.027473
5 0.075137 0.653846 0.106557 0.032967
2 0.193989 0.653846 0.027322 0.027473
5 0.267760 0.653846 0.180328 0.032967
2 0.423497 0.653846 0.027322 0.027473
5 0.463115 0.653846 0.112022 0.032967
3 0.038251 0.763736 0.027322 0.027473
6 0.069672 0.763736 0.095628 0.032967
3 0.183060 0.763736 0.027322 0.027473
6 0.236339 0.763736 0.139344 0.032967
1 0.702186 0.902473 0.344262 0.085165
