0 0.386731 0.336538 0.339806 0.050481
4 0.292880 0.336538 0.533981 0.055288
0 0.279935 0.411058 0.093851 0.050481
4 0.177994 0.411058 0.304207 0.055288
6 0.047735 0.474159 0.037217 0.027644
7 0.107605 0.474159 0.163430 0.032452
6 0.269417 0.474159 0.037217 0.027644
7 0.351942 0.474159 0.208738 0.032452
1 0.047735 0.548678 0.037217 0.027644
3 0.141586 0.550481 0.231392 0.036058
1 0.337379 0.548678 0.037217 0.027644
3 0.421521 0.548678 0.211974 0.032452
2 0.559871 0.635817 0.349515 0.052885
