5 0.568966 0.136778 0.676393 0.063830
8 0.466844 0.136778 0.885942 0.069909
5 0.383289 0.294833 0.395225 0.063830
8 0.303714 0.294833 0.559682 0.069909
6 0.039788 0.484802 0.031830 0.036474
7 0.084881 0.484802 0.127321 0.042553
1 0.039788 0.642857 0.031830 0.036474
3 0.094164 0.642857 0.145889 0.042553
1 0.233422 0.642857 0.031830 0.036474
3 0.263926 0.645897 0.098143 0.048632
1 0.379310 0.642857 0.031830 0.036474
3 0.431034 0.642857 0.140584 0.042553
2 0.814324 0.835866 0.127321 0.106383
