5 0.374690 0.193277 0.272953 0.092437
8 0.267990 0.193277 0.491315 0.098039
6 0.044665 0.345938 0.044665 0.050420
7 0.101737 0.351541 0.163772 0.067227
6 0.253102 0.345938 0.044665 0.050420
7 0.390819 0.358543 0.325062 0.081232
1 0.044665 0.522409 0.044665 0.050420
3 0.116625 0.528011 0.193548 0.067227
1 0.282878 0.522409 0.044665 0.050420
3 0.347395 0.528011 0.178660 0.067227
1 0.506203 0.522409 0.044665 0.050420
3 0.555831 0.528011 0.148883 0.067227
1 0.699752 0.522409 0.044665 0.050420
3 0.771712 0.528011 0.193548 0.067227
2 0.718362 0.712885 0.339950 0.078431
