0 0.223844 0.300761 0.403893 0.053299
4 0.223844 0.277919 0.408759 0.093909
2 0.035888 0.423223 0.027981 0.029188
5 0.088200 0.423858 0.137470 0.035533
2 0.217153 0.423223 0.027981 0.029188
5 0.298662 0.427665 0.195864 0.043147
2 0.456813 0.423223 0.027981 0.029188
5 0.511557 0.423858 0.142336 0.035533
2 0.642944 0.423223 0.027981 0.029188
5 0.713504 0.427665 0.173966 0.043147
3 0.035888 0.555203 0.027981 0.029188
6 0.106448 0.559645 0.173966 0.043147
3 0.253650 0.555203 0.027981 0.029188
6 0.338808 0.555838 0.203163 0.035533
1 0.475669 0.704315 0.352798 0.063452
