0 0.419312 0.196000 0.383598 0.088000
4 0.317460 0.196000 0.592593 0.093333
0 0.444444 0.294667 0.423280 0.088000
4 0.339947 0.294667 0.637566 0.093333
0 0.370370 0.393333 0.460317 0.088000
4 0.312169 0.393333 0.582011 0.093333
0 0.419312 0.492000 0.378307 0.088000
4 0.316138 0.492000 0.589947 0.093333
6 0.046958 0.570000 0.046296 0.046667
7 0.152778 0.570000 0.263228 0.052000
6 0.357804 0.570000 0.046296 0.046667
7 0.443783 0.570000 0.223545 0.052000
6 0.628968 0.570000 0.046296 0.046667
7 0.705688 0.570000 0.205026 0.052000
1 0.046958 0.668667 0.046296 0.046667
3 0.147487 0.668667 0.252646 0.052000
2 0.712963 0.790667 0.399471 0.093333
