5 0.723301 0.173594 0.495146 0.080685
8 0.501618 0.173594 0.944984 0.085575
5 0.640777 0.295844 0.517799 0.080685
8 0.466019 0.295844 0.873786 0.085575
5 0.705502 0.418093 0.563107 0.080685
8 0.509709 0.418093 0.961165 0.085575
6 0.058252 0.519560 0.058252 0.044010
7 0.144013 0.522005 0.236246 0.053790
6 0.352751 0.519560 0.058252 0.044010
7 0.448220 0.522005 0.255663 0.053790
6 0.666667 0.519560 0.058252 0.044010
7 0.781553 0.522005 0.294498 0.053790
1 0.058252 0.641809 0.058252 0.044010
3 0.218447 0.650367 0.385113 0.066015
2 0.579288 0.770171 0.498382 0.056235
