0 0.537135 0.086253 0.490716 0.083558
4 0.403183 0.086253 0.763926 0.088949
0 0.518568 0.237197 0.490716 0.083558
4 0.393899 0.237197 0.745358 0.088949
0 0.615385 0.388140 0.620690 0.083558
4 0.474801 0.388140 0.907162 0.088949
2 0.045756 0.519542 0.043767 0.044474
5 0.100133 0.519542 0.157825 0.049865
2 0.251326 0.519542 0.043767 0.044474
5 0.313660 0.522911 0.173740 0.056604
2 0.472812 0.519542 0.043767 0.044474
5 0.578912 0.522911 0.261273 0.056604
3 0.045756 0.670485 0.043767 0.044474
6 0.137268 0.670485 0.232095 0.049865
3 0.325597 0.670485 0.043767 0.044474
6 0.393236 0.670485 0.184350 0.049865
3 0.557692 0.670485 0.043767 0.044474
6 0.650531 0.673854 0.234748 0.056604
1 0.700265 0.836927 0.445623 0.075472
