0 0.412568 0.174221 0.775956 0.090652
4 0.412568 0.143059 0.781421 0.147309
0 0.209016 0.344193 0.368852 0.090652
4 0.209016 0.313031 0.374317 0.147309
6 0.047814 0.498584 0.046448 0.048159
7 0.127049 0.498584 0.210383 0.053824
6 0.307377 0.498584 0.046448 0.048159
7 0.404372 0.502833 0.245902 0.062323
6 0.602459 0.498584 0.046448 0.048159
7 0.644809 0.498584 0.136612 0.053824
1 0.047814 0.668555 0.046448 0.048159
3 0.127049 0.672805 0.210383 0.062323
1 0.307377 0.668555 0.046448 0.048159
3 0.351093 0.668555 0.139344 0.053824
2 0.374317 0.852691 0.519126 0.076487
