0 0.378906 0.166213 0.710938 0.092643
4 0.378906 0.130790 0.716146 0.158038
0 0.359375 0.332425 0.671875 0.092643
4 0.359375 0.302452 0.677083 0.147139
2 0.046875 0.493188 0.046875 0.049046
5 0.138021 0.493188 0.234375 0.054496
2 0.328125 0.493188 0.046875 0.049046
5 0.378906 0.495913 0.153646 0.059946
2 0.528646 0.493188 0.046875 0.049046
5 0.627604 0.493188 0.250000 0.054496
3 0.046875 0.670300 0.046875 0.049046
6 0.154948 0.673025 0.268229 0.059946
3 0.361979 0.670300 0.046875 0.049046
6 0.460938 0.673025 0.250000 0.059946
3 0.658854 0.670300 0.046875 0.049046
6 0.709635 0.670300 0.153646 0.054496
1 0.571615 0.854223 0.257812 0.062670
