0 0.396396 0.229167 0.396396 0.080882
4 0.310811 0.229167 0.573574 0.085784
0 0.519520 0.317402 0.444444 0.080882
4 0.384384 0.317402 0.720721 0.085784
0 0.645646 0.405637 0.714715 0.080882
4 0.515015 0.405637 0.981982 0.085784
0 0.543544 0.493873 0.474474 0.080882
4 0.403904 0.493873 0.759760 0.085784
6 0.053303 0.563113 0.052553 0.042892
7 0.105856 0.568627 0.163664 0.058824
6 0.271021 0.563113 0.052553 0.042892
7 0.407658 0.563725 0.331832 0.049020
1 0.053303 0.651348 0.052553 0.042892
3 0.119369 0.651961 0.190691 0.049020
2 0.665165 0.746324 0.525526 0.056373
