0 0.485450 0.109489 0.404762 0.120438
4 0.355820 0.109489 0.669312 0.127737
0 0.392857 0.288321 0.240741 0.120438
4 0.268519 0.288321 0.494709 0.127737
2 0.046958 0.438869 0.046296 0.063869
5 0.106481 0.438869 0.170635 0.071168
2 0.265212 0.438869 0.046296 0.063869
5 0.367063 0.438869 0.255291 0.071168
2 0.568122 0.438869 0.046296 0.063869
5 0.642196 0.438869 0.199735 0.071168
3 0.046958 0.617701 0.046296 0.063869
6 0.098545 0.624088 0.154762 0.083942
1 0.345238 0.806569 0.547619 0.083942
