0 0.182493 0.189904 0.311573 0.052885
4 0.182493 0.169471 0.317507 0.088942
0 0.182493 0.302885 0.311573 0.052885
4 0.182493 0.278846 0.317507 0.096154
0 0.375371 0.401442 0.697329 0.052885
4 0.375371 0.381010 0.703264 0.088942
0 0.215134 0.514423 0.376855 0.052885
4 0.215134 0.490385 0.382789 0.096154
6 0.044510 0.603365 0.035608 0.028846
7 0.078635 0.605769 0.109792 0.038462
1 0.044510 0.709135 0.035608 0.028846
3 0.091988 0.709135 0.136499 0.033654
1 0.234421 0.709135 0.035608 0.028846
3 0.302671 0.709135 0.178042 0.033654
2 0.123145 0.823317 0.186944 0.045673
