5 0.535294 0.140374 0.682353 0.069519
8 0.452941 0.140374 0.852941 0.074866
5 0.373529 0.298128 0.323529 0.069519
8 0.282353 0.298128 0.511765 0.074866
6 0.047794 0.437834 0.042647 0.038770
7 0.100735 0.445187 0.154412 0.058824
6 0.255147 0.437834 0.042647 0.038770
7 0.336029 0.439840 0.210294 0.048128
6 0.518382 0.437834 0.042647 0.038770
7 0.622794 0.439840 0.257353 0.048128
1 0.047794 0.595588 0.042647 0.038770
3 0.175735 0.602941 0.304412 0.058824
1 0.405147 0.595588 0.042647 0.038770
3 0.533088 0.602941 0.304412 0.058824
1 0.762500 0.595588 0.042647 0.038770
3 0.819853 0.602941 0.163235 0.058824
2 0.629412 0.778075 0.464706 0.088235
