5 0.363363 0.071611 0.204204 0.063939
8 0.247748 0.071611 0.441441 0.069054
5 0.451952 0.148338 0.387387 0.063939
8 0.337838 0.148338 0.621622 0.069054
5 0.498498 0.225064 0.540541 0.063939
8 0.399399 0.225064 0.744745 0.069054
5 0.450450 0.301790 0.444444 0.063939
8 0.351351 0.301790 0.648649 0.069054
5 0.483483 0.378517 0.522523 0.063939
8 0.387387 0.378517 0.720721 0.069054
5 0.484985 0.455243 0.609610 0.063939
8 0.409910 0.455243 0.765766 0.069054
5 0.397898 0.531969 0.357357 0.063939
8 0.303303 0.531969 0.552553 0.069054
5 0.515015 0.608696 0.453453 0.063939
8 0.385886 0.608696 0.717718 0.069054
5 0.277778 0.685422 0.231231 0.063939
8 0.211712 0.685422 0.369369 0.069054
6 0.048048 0.745524 0.042042 0.035806
7 0.106607 0.745524 0.165165 0.040921
1 0.048048 0.822251 0.042042 0.035806
3 0.087087 0.824808 0.126126 0.046036
2 0.647147 0.907928 0.369369 0.053708
