0 0.130795 0.179901 0.201987 0.064516
4 0.130795 0.151365 0.208609 0.116625
0 0.251656 0.313896 0.443709 0.064516
4 0.251656 0.285360 0.450331 0.116625
0 0.288079 0.440447 0.516556 0.064516
4 0.288079 0.415633 0.523179 0.109181
6 0.052980 0.562035 0.046358 0.034739
7 0.153974 0.562035 0.254967 0.039702
6 0.367550 0.562035 0.046358 0.034739
7 0.500000 0.562035 0.317881 0.039702
1 0.052980 0.696030 0.046358 0.034739
3 0.150662 0.696030 0.248344 0.039702
1 0.360927 0.696030 0.046358 0.034739
3 0.423841 0.696030 0.178808 0.039702
2 0.432119 0.837469 0.658940 0.049628
