0 0.175545 0.264591 0.133172 0.101167
4 0.131961 0.264591 0.225182 0.108949
0 0.476998 0.377432 0.595642 0.101167
4 0.398305 0.377432 0.757869 0.108949
6 0.038741 0.466926 0.033898 0.054475
7 0.066586 0.468872 0.094431 0.066148
6 0.176755 0.466926 0.033898 0.054475
7 0.211864 0.468872 0.108959 0.066148
6 0.329298 0.466926 0.033898 0.054475
7 0.383777 0.468872 0.147700 0.066148
1 0.038741 0.579767 0.033898 0.054475
3 0.088378 0.579767 0.138015 0.062257
1 0.220339 0.579767 0.033898 0.054475
3 0.250605 0.579767 0.099274 0.062257
1 0.363196 0.579767 0.033898 0.054475
3 0.414044 0.579767 0.140436 0.062257
1 0.547215 0.579767 0.033898 0.054475
3 0.596852 0.579767 0.138015 0.062257
2 0.182809 0.721790 0.239709 0.112840
