7 0.425141 0.173358 0.330508 0.062044
8 0.309322 0.173358 0.567797 0.069343
2 0.039548 0.375912 0.028249 0.036496
5 0.067797 0.375912 0.090395 0.043796
2 0.180791 0.375912 0.028249 0.036496
5 0.216102 0.375912 0.104520 0.043796
3 0.039548 0.554745 0.028249 0.036496
6 0.072034 0.554745 0.098870 0.043796
3 0.189266 0.554745 0.028249 0.036496
6 0.247175 0.554745 0.149718 0.043796
3 0.389831 0.554745 0.028249 0.036496
6 0.418079 0.554745 0.090395 0.043796
1 0.507062 0.755474 0.579096 0.080292
