0 0.367435 0.323529 0.204611 0.049020
4 0.247839 0.323529 0.449568 0.053922
0 0.580692 0.389706 0.619597 0.049020
4 0.458213 0.389706 0.870317 0.053922
0 0.414986 0.455882 0.351585 0.049020
4 0.308357 0.455882 0.570605 0.053922
6 0.041787 0.511029 0.031700 0.026961
7 0.110951 0.511029 0.175793 0.031863
1 0.041787 0.577206 0.031700 0.026961
3 0.103746 0.577206 0.161383 0.031863
1 0.255043 0.577206 0.031700 0.026961
3 0.312680 0.577206 0.152738 0.031863
2 0.442363 0.664216 0.170029 0.068627
