7 0.436728 0.109903 0.237654 0.065217
8 0.293210 0.109903 0.530864 0.070048
7 0.365741 0.230676 0.336420 0.065217
8 0.282407 0.230676 0.509259 0.070048
7 0.557099 0.351449 0.577160 0.065217
8 0.438272 0.351449 0.820988 0.070048
7 0.496914 0.472222 0.438272 0.065217
8 0.373457 0.472222 0.691358 0.070048
2 0.050926 0.619565 0.046296 0.036232
5 0.108025 0.619565 0.166667 0.041063
3 0.050926 0.740338 0.046296 0.036232
6 0.143519 0.740338 0.237654 0.041063
3 0.344136 0.740338 0.046296 0.036232
6 0.391975 0.741546 0.148148 0.043478
1 0.481481 0.882850 0.191358 0.079710
