7 0.201847 0.159357 0.092348 0.055556
8 0.137203 0.159357 0.226913 0.061404
7 0.441953 0.282164 0.525066 0.055556
8 0.365435 0.282164 0.683377 0.061404
7 0.337731 0.404971 0.311346 0.055556
8 0.259894 0.404971 0.472296 0.061404
2 0.038259 0.548246 0.029024 0.032164
5 0.092348 0.548246 0.142480 0.038012
2 0.228232 0.548246 0.029024 0.032164
5 0.265172 0.548246 0.108179 0.038012
3 0.038259 0.671053 0.029024 0.032164
6 0.068602 0.671053 0.094987 0.038012
1 0.593668 0.827485 0.448549 0.099415
