0 0.221080 0.219952 0.395887 0.045673
4 0.221080 0.199519 0.401028 0.081731
0 0.302057 0.323317 0.557841 0.045673
4 0.302057 0.299279 0.562982 0.088942
0 0.327763 0.412260 0.609254 0.045673
4 0.327763 0.391827 0.614396 0.081731
0 0.128535 0.508413 0.210797 0.045673
4 0.128535 0.487981 0.215938 0.081731
6 0.036632 0.596755 0.026992 0.025240
7 0.064910 0.597356 0.088689 0.031250
6 0.171594 0.596755 0.026992 0.025240
7 0.212725 0.597356 0.114396 0.031250
6 0.332262 0.596755 0.026992 0.025240
7 0.360540 0.597356 0.088689 0.031250
1 0.036632 0.692909 0.026992 0.025240
3 0.066195 0.697115 0.091260 0.038462
1 0.174165 0.692909 0.026992 0.025240
3 0.211440 0.697115 0.106684 0.038462
1 0.327121 0.692909 0.026992 0.025240
3 0.390103 0.697115 0.158098 0.038462
2 0.471722 0.805288 0.521851 0.057692
