7 0.609974 0.186701 0.734015 0.051151
8 0.501279 0.186701 0.956522 0.056266
7 0.620205 0.322251 0.754476 0.051151
8 0.511509 0.322251 0.976982 0.056266
2 0.037724 0.444373 0.029412 0.029412
5 0.085038 0.444373 0.129156 0.034527
3 0.037724 0.579923 0.029412 0.029412
6 0.109335 0.581841 0.177749 0.038363
3 0.261509 0.579923 0.029412 0.029412
6 0.304987 0.579923 0.121483 0.034527
3 0.429028 0.579923 0.029412 0.029412
6 0.490409 0.579923 0.157289 0.034527
1 0.540921 0.732737 0.575448 0.063939
