7 0.559593 0.195026 0.514535 0.083770
8 0.422965 0.195026 0.793605 0.089005
7 0.443314 0.333770 0.281977 0.083770
8 0.306686 0.333770 0.561047 0.089005
2 0.051599 0.450916 0.050872 0.045812
5 0.180959 0.452880 0.315407 0.054974
2 0.419331 0.450916 0.050872 0.045812
5 0.580669 0.452880 0.379360 0.054974
3 0.051599 0.589660 0.050872 0.045812
6 0.128634 0.591623 0.210756 0.054974
3 0.314680 0.589660 0.050872 0.045812
6 0.457122 0.598168 0.341570 0.068063
1 0.356105 0.739529 0.427326 0.068063
