0 0.250000 0.132170 0.116216 0.047382
4 0.166216 0.132170 0.289189 0.052369
0 0.544595 0.229426 0.640541 0.047382
4 0.444595 0.229426 0.845946 0.052369
0 0.385135 0.326683 0.343243 0.047382
4 0.290541 0.326683 0.537838 0.052369
0 0.312162 0.423940 0.229730 0.047382
4 0.225676 0.423940 0.408108 0.052369
0 0.590541 0.521197 0.743243 0.047382
4 0.493243 0.521197 0.943243 0.052369
6 0.038514 0.607855 0.028378 0.026185
7 0.110135 0.609726 0.177027 0.034913
6 0.264189 0.607855 0.028378 0.026185
7 0.311486 0.607855 0.128378 0.031172
1 0.038514 0.705112 0.028378 0.026185
3 0.096622 0.706983 0.150000 0.034913
1 0.237162 0.705112 0.028378 0.026185
3 0.268243 0.705112 0.095946 0.031172
1 0.381757 0.705112 0.028378 0.026185
3 0.429054 0.705112 0.128378 0.031172
2 0.275676 0.820449 0.340541 0.062344
