0 0.470588 0.283750 0.346749 0.060000
4 0.335913 0.283750 0.622291 0.065000
0 0.608359 0.381250 0.640867 0.060000
4 0.478328 0.381250 0.907121 0.065000
2 0.047988 0.465000 0.040248 0.032500
5 0.174923 0.465000 0.300310 0.037500
2 0.404025 0.465000 0.040248 0.032500
5 0.501548 0.465000 0.241486 0.037500
3 0.047988 0.562500 0.040248 0.032500
6 0.174923 0.562500 0.300310 0.037500
3 0.404025 0.562500 0.040248 0.032500
6 0.465944 0.562500 0.170279 0.037500
3 0.630031 0.562500 0.040248 0.032500
6 0.688854 0.562500 0.164087 0.037500
1 0.571207 0.686250 0.424149 0.085000
