5 0.415567 0.152422 0.277045 0.074074
8 0.290237 0.152422 0.532982 0.079772
5 0.379947 0.280627 0.205805 0.074074
8 0.254617 0.280627 0.461741 0.079772
5 0.522427 0.408832 0.490765 0.074074
8 0.397098 0.408832 0.746702 0.079772
6 0.042876 0.569088 0.038259 0.041311
7 0.082454 0.569088 0.122691 0.047009
1 0.042876 0.697293 0.038259 0.041311
3 0.122032 0.697293 0.201847 0.047009
1 0.292216 0.697293 0.038259 0.041311
3 0.329156 0.697293 0.117414 0.047009
1 0.457124 0.697293 0.038259 0.041311
3 0.548153 0.699430 0.225594 0.051282
2 0.323219 0.833333 0.345646 0.056980
