5 0.541892 0.167979 0.635135 0.049869
8 0.443243 0.167979 0.837838 0.055118
5 0.313514 0.257218 0.232432 0.049869
8 0.228378 0.257218 0.408108 0.055118
5 0.602703 0.346457 0.794595 0.049869
8 0.513514 0.346457 0.978378 0.055118
5 0.582432 0.435696 0.754054 0.049869
8 0.493243 0.435696 0.937838 0.055118
5 0.195946 0.524934 0.105405 0.049869
8 0.137838 0.524934 0.227027 0.055118
6 0.039189 0.635171 0.029730 0.028871
7 0.074324 0.635171 0.105405 0.034121
1 0.039189 0.724409 0.029730 0.028871
3 0.087838 0.724409 0.132432 0.034121
1 0.220270 0.724409 0.029730 0.028871
3 0.286486 0.724409 0.167568 0.034121
1 0.436486 0.724409 0.029730 0.028871
3 0.502703 0.724409 0.167568 0.034121
2 0.482432 0.830709 0.256757 0.062992
