0 0.482143 0.176596 0.607143 0.102128
4 0.406250 0.176596 0.764881 0.110638
0 0.467262 0.300000 0.541667 0.102128
4 0.382440 0.300000 0.717262 0.110638
0 0.244048 0.423404 0.130952 0.102128
4 0.168155 0.423404 0.288690 0.110638
6 0.046131 0.523404 0.038690 0.055319
7 0.168155 0.523404 0.288690 0.063830
6 0.388393 0.523404 0.038690 0.055319
7 0.476190 0.523404 0.220238 0.063830
1 0.046131 0.646809 0.038690 0.055319
3 0.133929 0.646809 0.220238 0.063830
1 0.319940 0.646809 0.038690 0.055319
3 0.388393 0.646809 0.181548 0.063830
2 0.764881 0.806383 0.345238 0.127660
