7 0.531507 0.210356 0.482192 0.067961
8 0.400000 0.210356 0.750685 0.074434
7 0.558904 0.339806 0.536986 0.067961
8 0.427397 0.339806 0.805479 0.074434
2 0.041096 0.500000 0.032877 0.038835
5 0.076712 0.501618 0.109589 0.048544
2 0.200000 0.500000 0.032877 0.038835
5 0.246575 0.500000 0.131507 0.045307
3 0.041096 0.629450 0.032877 0.038835
6 0.076712 0.631068 0.109589 0.048544
3 0.200000 0.629450 0.032877 0.038835
6 0.265753 0.629450 0.169863 0.045307
3 0.419178 0.629450 0.032877 0.038835
6 0.498630 0.631068 0.197260 0.048544
1 0.534247 0.796117 0.372603 0.113269
