7 0.473134 0.111465 0.301493 0.066879
8 0.326866 0.111465 0.600000 0.073248
7 0.467164 0.280255 0.373134 0.066879
8 0.341791 0.280255 0.629851 0.073248
2 0.044776 0.485669 0.035821 0.038217
5 0.129851 0.485669 0.211940 0.044586
2 0.310448 0.485669 0.035821 0.038217
5 0.359701 0.485669 0.140299 0.044586
2 0.504478 0.485669 0.035821 0.038217
5 0.604478 0.490446 0.241791 0.054140
3 0.044776 0.654459 0.035821 0.038217
6 0.094030 0.654459 0.140299 0.044586
3 0.238806 0.654459 0.035821 0.038217
6 0.291045 0.654459 0.146269 0.044586
1 0.753731 0.839172 0.367164 0.070064
