0 0.515625 0.133838 0.377404 0.085859
4 0.362981 0.133838 0.687500 0.090909
0 0.408654 0.250000 0.509615 0.085859
4 0.342548 0.250000 0.646635 0.090909
0 0.403846 0.366162 0.225962 0.085859
4 0.269231 0.366162 0.500000 0.090909
0 0.453125 0.482323 0.430288 0.085859
4 0.344952 0.482323 0.651442 0.090909
2 0.043269 0.578283 0.043269 0.045455
5 0.128606 0.578283 0.218750 0.050505
2 0.305288 0.578283 0.043269 0.045455
5 0.352163 0.580808 0.141827 0.055556
2 0.490385 0.578283 0.043269 0.045455
5 0.590144 0.580808 0.247596 0.055556
3 0.043269 0.694444 0.043269 0.045455
6 0.086538 0.696970 0.134615 0.055556
3 0.221154 0.694444 0.043269 0.045455
6 0.275240 0.694444 0.156250 0.050505
3 0.420673 0.694444 0.043269 0.045455
6 0.525240 0.696970 0.257212 0.055556
1 0.326923 0.833333 0.519231 0.090909
