5 0.544776 0.246736 0.600000 0.054830
8 0.437313 0.246736 0.820896 0.060052
5 0.614925 0.359008 0.740299 0.054830
8 0.507463 0.359008 0.961194 0.060052
6 0.044776 0.493473 0.035821 0.031332
7 0.102985 0.493473 0.158209 0.036554
6 0.256716 0.493473 0.035821 0.031332
7 0.310448 0.493473 0.149254 0.036554
1 0.044776 0.605744 0.035821 0.031332
3 0.114925 0.605744 0.182090 0.036554
1 0.280597 0.605744 0.035821 0.031332
3 0.317910 0.605744 0.116418 0.036554
1 0.450746 0.605744 0.035821 0.031332
3 0.502985 0.605744 0.146269 0.036554
2 0.300000 0.744125 0.200000 0.083551
