5 0.573290 0.085627 0.553746 0.051988
8 0.441368 0.085627 0.824104 0.058104
5 0.460912 0.232416 0.328990 0.051988
8 0.328990 0.232416 0.599349 0.058104
5 0.438111 0.379205 0.283388 0.051988
8 0.306189 0.379205 0.553746 0.058104
6 0.045603 0.512232 0.032573 0.030581
7 0.084691 0.512232 0.117264 0.036697
6 0.221498 0.512232 0.032573 0.030581
7 0.289902 0.512232 0.175896 0.036697
1 0.045603 0.659021 0.032573 0.030581
3 0.112378 0.659021 0.172638 0.036697
1 0.276873 0.659021 0.032573 0.030581
3 0.350163 0.659021 0.185668 0.036697
1 0.521173 0.659021 0.032573 0.030581
3 0.553746 0.659021 0.104235 0.036697
2 0.576547 0.828746 0.586319 0.076453
