7 0.505141 0.152738 0.542416 0.048991
8 0.401028 0.152738 0.755784 0.054755
7 0.206941 0.276657 0.141388 0.048991
8 0.151671 0.276657 0.257069 0.054755
7 0.327763 0.400576 0.316195 0.048991
8 0.255784 0.400576 0.465296 0.054755
2 0.035990 0.548991 0.025707 0.028818
5 0.095116 0.548991 0.149100 0.034582
3 0.035990 0.672911 0.025707 0.028818
6 0.079692 0.674352 0.118252 0.037464
3 0.200514 0.672911 0.025707 0.028818
6 0.267352 0.672911 0.164524 0.034582
3 0.411311 0.672911 0.025707 0.028818
6 0.478149 0.672911 0.164524 0.034582
1 0.874036 0.815562 0.123393 0.066282
