7 0.436486 0.126812 0.478378 0.045894
8 0.351351 0.126812 0.654054 0.050725
7 0.541892 0.225845 0.689189 0.045894
8 0.456757 0.225845 0.864865 0.050725
7 0.517568 0.324879 0.564865 0.045894
8 0.413514 0.324879 0.778378 0.050725
7 0.298649 0.423913 0.289189 0.045894
8 0.235135 0.423913 0.421622 0.050725
7 0.548649 0.522947 0.686486 0.045894
8 0.459459 0.522947 0.870270 0.050725
2 0.039189 0.641304 0.029730 0.026570
5 0.125676 0.641304 0.208108 0.031401
2 0.295946 0.641304 0.029730 0.026570
5 0.366216 0.641304 0.175676 0.031401
3 0.039189 0.740338 0.029730 0.026570
6 0.120270 0.740338 0.197297 0.031401
3 0.285135 0.740338 0.029730 0.026570
6 0.321622 0.740338 0.108108 0.031401
3 0.441892 0.740338 0.029730 0.026570
6 0.521622 0.740338 0.194595 0.031401
1 0.760811 0.868357 0.251351 0.084541
