0 0.548077 0.210526 0.315934 0.071053
4 0.365385 0.210526 0.686813 0.076316
0 0.659341 0.302632 0.549451 0.071053
4 0.479396 0.302632 0.914835 0.076316
0 0.497253 0.394737 0.225275 0.071053
4 0.317308 0.394737 0.590659 0.076316
0 0.611264 0.486842 0.491758 0.071053
4 0.440934 0.486842 0.837912 0.076316
6 0.044643 0.562500 0.039835 0.038158
7 0.110577 0.564474 0.177198 0.047368
1 0.044643 0.654605 0.039835 0.038158
3 0.164148 0.661842 0.284341 0.057895
1 0.378434 0.654605 0.039835 0.038158
3 0.482830 0.656579 0.254121 0.047368
2 0.546703 0.772368 0.307692 0.089474
