0 0.117188 0.180147 0.187500 0.046569
4 0.117188 0.160539 0.192708 0.080882
0 0.309896 0.305147 0.572917 0.046569
4 0.309896 0.285539 0.578125 0.080882
0 0.330729 0.425245 0.614583 0.046569
4 0.330729 0.408088 0.619792 0.075980
6 0.037109 0.539828 0.027344 0.025735
7 0.065755 0.539828 0.089844 0.030637
1 0.037109 0.664828 0.027344 0.025735
3 0.067057 0.664828 0.092448 0.030637
1 0.176432 0.664828 0.027344 0.025735
3 0.235026 0.664828 0.149740 0.030637
2 0.712240 0.806373 0.132812 0.058824
