7 0.433985 0.306995 0.452323 0.059585
8 0.342298 0.306995 0.640587 0.064767
2 0.037897 0.452073 0.031785 0.033679
5 0.143032 0.453368 0.246944 0.041451
2 0.328851 0.452073 0.031785 0.033679
5 0.400978 0.453368 0.180929 0.041451
2 0.553790 0.452073 0.031785 0.033679
5 0.650367 0.453368 0.229829 0.041451
3 0.037897 0.563472 0.031785 0.033679
6 0.088020 0.568653 0.136919 0.049223
3 0.218826 0.563472 0.031785 0.033679
6 0.265281 0.564767 0.129584 0.041451
3 0.392421 0.563472 0.031785 0.033679
6 0.449878 0.564767 0.151589 0.041451
3 0.588020 0.563472 0.031785 0.033679
6 0.630807 0.564767 0.122249 0.041451
1 0.397311 0.689119 0.349633 0.062176
