5 0.587097 0.116935 0.464516 0.072581
8 0.425806 0.116935 0.793548 0.077957
5 0.380645 0.256720 0.225806 0.072581
8 0.262903 0.256720 0.467742 0.077957
5 0.479032 0.396505 0.306452 0.072581
8 0.332258 0.396505 0.606452 0.077957
6 0.053226 0.579301 0.048387 0.040323
7 0.133871 0.581989 0.216129 0.051075
1 0.053226 0.719086 0.048387 0.040323
3 0.120968 0.721774 0.190323 0.051075
1 0.301613 0.719086 0.048387 0.040323
3 0.369355 0.721774 0.190323 0.051075
1 0.550000 0.719086 0.048387 0.040323
3 0.630645 0.721774 0.216129 0.051075
2 0.601613 0.870968 0.525806 0.064516
