5 0.515896 0.210327 0.517341 0.055416
8 0.401734 0.210327 0.751445 0.060453
5 0.278902 0.280856 0.205202 0.055416
8 0.205202 0.280856 0.358382 0.060453
5 0.557803 0.351385 0.601156 0.055416
8 0.443642 0.351385 0.835260 0.060453
5 0.562139 0.421914 0.552023 0.055416
8 0.433526 0.421914 0.815029 0.060453
5 0.505780 0.492443 0.578035 0.055416
8 0.411850 0.492443 0.771676 0.060453
5 0.585260 0.562972 0.736994 0.055416
8 0.491329 0.562972 0.930636 0.060453
6 0.044075 0.619018 0.036127 0.031486
7 0.113439 0.619018 0.180636 0.036524
1 0.044075 0.689547 0.036127 0.031486
3 0.097543 0.689547 0.148844 0.036524
2 0.648844 0.768262 0.251445 0.047859
