0 0.350592 0.131450 0.310651 0.076167
4 0.266272 0.131450 0.485207 0.081081
0 0.624260 0.246929 0.544379 0.076167
4 0.461538 0.246929 0.875740 0.081081
0 0.319527 0.362408 0.201183 0.076167
4 0.223373 0.362408 0.399408 0.081081
0 0.511834 0.477887 0.437870 0.076167
4 0.378698 0.477887 0.710059 0.081081
6 0.051036 0.575553 0.048817 0.040541
7 0.200444 0.577396 0.353550 0.049140
1 0.051036 0.691032 0.048817 0.040541
3 0.148669 0.692875 0.250000 0.049140
1 0.354290 0.691032 0.048817 0.040541
3 0.444527 0.692875 0.235207 0.049140
2 0.449704 0.812039 0.520710 0.051597
