5 0.572086 0.221212 0.555215 0.060606
8 0.440184 0.221212 0.825153 0.066667
6 0.045245 0.399242 0.035276 0.034848
7 0.085123 0.399242 0.121166 0.040909
6 0.221626 0.399242 0.035276 0.034848
7 0.258436 0.399242 0.115031 0.040909
6 0.391871 0.399242 0.035276 0.034848
7 0.482362 0.399242 0.222393 0.040909
1 0.045245 0.553788 0.035276 0.034848
3 0.135736 0.553788 0.222393 0.040909
1 0.322853 0.553788 0.035276 0.034848
3 0.393405 0.553788 0.182515 0.040909
2 0.476994 0.733333 0.536810 0.084848
