0 0.547486 0.140000 0.346369 0.090000
4 0.372905 0.140000 0.701117 0.095000
0 0.530726 0.255000 0.335196 0.090000
4 0.361732 0.255000 0.678771 0.095000
0 0.649441 0.370000 0.533520 0.090000
4 0.470670 0.370000 0.896648 0.095000
0 0.572626 0.485000 0.441341 0.090000
4 0.409218 0.485000 0.773743 0.095000
6 0.051676 0.578750 0.053073 0.047500
7 0.143855 0.583750 0.243017 0.062500
1 0.051676 0.693750 0.053073 0.047500
3 0.128492 0.693750 0.212291 0.052500
1 0.314246 0.693750 0.053073 0.047500
3 0.385475 0.693750 0.201117 0.052500
1 0.565642 0.693750 0.053073 0.047500
3 0.622905 0.693750 0.173184 0.052500
2 0.727654 0.827500 0.125698 0.085000
