7 0.323245 0.107438 0.283293 0.090909
8 0.244552 0.107438 0.445521 0.099174
2 0.036925 0.368802 0.030266 0.051653
5 0.120460 0.368802 0.202179 0.059917
2 0.282688 0.368802 0.030266 0.051653
5 0.346852 0.368802 0.163438 0.059917
2 0.489709 0.368802 0.030266 0.051653
5 0.555085 0.368802 0.165860 0.059917
3 0.036925 0.587810 0.030266 0.051653
6 0.080508 0.587810 0.122276 0.059917
3 0.202785 0.587810 0.030266 0.051653
6 0.240315 0.587810 0.110169 0.059917
1 0.368039 0.828512 0.261501 0.095041
