5 0.604230 0.176623 0.471299 0.080519
8 0.435045 0.176623 0.815710 0.085714
5 0.518127 0.280519 0.299094 0.080519
8 0.348943 0.280519 0.643505 0.085714
5 0.584592 0.384416 0.432024 0.080519
8 0.415408 0.384416 0.776435 0.085714
5 0.574018 0.488312 0.410876 0.080519
8 0.404834 0.488312 0.755287 0.085714
6 0.052870 0.571429 0.051360 0.044156
7 0.151057 0.577922 0.253776 0.062338
1 0.052870 0.675325 0.051360 0.044156
3 0.154079 0.676623 0.259819 0.051948
1 0.367069 0.675325 0.051360 0.044156
3 0.425982 0.676623 0.175227 0.051948
2 0.432024 0.797403 0.380665 0.080519
