0 0.230179 0.201493 0.414322 0.067164
4 0.230179 0.175373 0.419437 0.111940
0 0.186701 0.350746 0.327366 0.067164
4 0.186701 0.324627 0.332481 0.111940
6 0.035806 0.485075 0.025575 0.037313
7 0.066496 0.485075 0.092072 0.044776
1 0.035806 0.634328 0.025575 0.037313
3 0.086957 0.634328 0.132992 0.044776
1 0.214834 0.634328 0.025575 0.037313
3 0.274936 0.634328 0.150895 0.044776
1 0.411765 0.634328 0.025575 0.037313
3 0.461637 0.634328 0.130435 0.044776
2 0.187980 0.815299 0.191816 0.100746
