0 0.164671 0.062654 0.095808 0.056511
4 0.119760 0.062654 0.191617 0.061425
0 0.413174 0.133907 0.514970 0.056511
4 0.348802 0.133907 0.649701 0.061425
0 0.401198 0.205160 0.455090 0.056511
4 0.327844 0.205160 0.607784 0.061425
0 0.473054 0.276413 0.598802 0.056511
4 0.399701 0.276413 0.751497 0.061425
0 0.296407 0.347666 0.227545 0.056511
4 0.218563 0.347666 0.389222 0.061425
0 0.495509 0.418919 0.476048 0.056511
4 0.380240 0.418919 0.712575 0.061425
0 0.470060 0.490172 0.520958 0.056511
4 0.378743 0.490172 0.709581 0.061425
0 0.470060 0.561425 0.467066 0.056511
4 0.365269 0.561425 0.682635 0.061425
0 0.458084 0.632678 0.461078 0.056511
4 0.357784 0.632678 0.667665 0.061425
0 0.179641 0.703931 0.101796 0.056511
4 0.128743 0.703931 0.209581 0.061425
6 0.045659 0.762285 0.037425 0.030713
7 0.108533 0.764128 0.169162 0.039312
6 0.268713 0.762285 0.037425 0.030713
7 0.348054 0.762285 0.202096 0.035627
1 0.045659 0.833538 0.037425 0.030713
3 0.087575 0.833538 0.127246 0.035627
1 0.226796 0.833538 0.037425 0.030713
3 0.265719 0.833538 0.121257 0.035627
1 0.401946 0.833538 0.037425 0.030713
3 0.463323 0.833538 0.166168 0.035627
2 0.634731 0.921376 0.191617 0.063882
