0 0.116129 0.140665 0.174194 0.079284
4 0.116129 0.113811 0.180645 0.127877
0 0.085484 0.289003 0.112903 0.079284
4 0.085484 0.262148 0.119355 0.127877
0 0.322581 0.437340 0.587097 0.079284
4 0.322581 0.410486 0.593548 0.127877
6 0.055645 0.572251 0.053226 0.042199
7 0.184677 0.575448 0.317742 0.053708
6 0.431452 0.572251 0.053226 0.042199
7 0.544355 0.572251 0.285484 0.047315
1 0.055645 0.720588 0.053226 0.042199
3 0.144355 0.720588 0.237097 0.047315
2 0.404839 0.883632 0.248387 0.071611
