5 0.512723 0.092246 0.480916 0.082888
8 0.389313 0.092246 0.732824 0.088235
5 0.595420 0.241979 0.646310 0.082888
8 0.472010 0.241979 0.898219 0.088235
5 0.478372 0.391711 0.412214 0.082888
8 0.354962 0.391711 0.664122 0.088235
6 0.044529 0.581551 0.043257 0.045455
7 0.125954 0.586898 0.211196 0.061497
6 0.301527 0.581551 0.043257 0.045455
7 0.365140 0.581551 0.175573 0.050802
1 0.044529 0.731283 0.043257 0.045455
3 0.094148 0.736631 0.147583 0.061497
1 0.237913 0.731283 0.043257 0.045455
3 0.319338 0.736631 0.211196 0.061497
2 0.300254 0.897059 0.310433 0.077540
