7 0.571429 0.188564 0.342857 0.070560
8 0.387302 0.188564 0.717460 0.075426
7 0.579365 0.327251 0.358730 0.070560
8 0.395238 0.327251 0.733333 0.075426
2 0.053968 0.447689 0.050794 0.038929
5 0.115873 0.453771 0.180952 0.055961
2 0.292063 0.447689 0.050794 0.038929
5 0.371429 0.448905 0.215873 0.046229
3 0.053968 0.586375 0.050794 0.038929
6 0.115873 0.587591 0.180952 0.046229
3 0.292063 0.586375 0.050794 0.038929
6 0.431746 0.592457 0.336508 0.055961
1 0.533333 0.733577 0.228571 0.055961
