7 0.614796 0.223611 0.698980 0.072222
8 0.494898 0.223611 0.943878 0.077778
7 0.371173 0.348611 0.216837 0.072222
8 0.252551 0.348611 0.459184 0.077778
2 0.041454 0.504861 0.036990 0.040278
5 0.095026 0.504861 0.149235 0.045833
2 0.236607 0.504861 0.036990 0.040278
5 0.311862 0.504861 0.192602 0.045833
2 0.475128 0.504861 0.036990 0.040278
5 0.555485 0.506944 0.202806 0.050000
3 0.041454 0.629861 0.036990 0.040278
6 0.100128 0.629861 0.159439 0.045833
3 0.246811 0.629861 0.036990 0.040278
6 0.345026 0.629861 0.238520 0.045833
1 0.355867 0.775000 0.349490 0.080556
