0 0.285507 0.250746 0.518841 0.104478
4 0.285507 0.202985 0.524638 0.194030
6 0.052899 0.414179 0.053623 0.055224
7 0.123913 0.417910 0.201449 0.068657
6 0.306522 0.414179 0.053623 0.055224
7 0.387681 0.417910 0.221739 0.068657
6 0.580435 0.414179 0.053623 0.055224
7 0.712319 0.417910 0.323188 0.068657
1 0.052899 0.608209 0.053623 0.055224
3 0.184783 0.619403 0.323188 0.083582
1 0.428261 0.608209 0.053623 0.055224
3 0.589130 0.619403 0.381159 0.083582
2 0.236232 0.828358 0.356522 0.107463
