0 0.181672 0.214286 0.305466 0.086379
4 0.181672 0.181063 0.311897 0.146179
6 0.051447 0.390365 0.045016 0.046512
7 0.136656 0.390365 0.221865 0.053156
6 0.331190 0.390365 0.045016 0.046512
7 0.440514 0.395349 0.270096 0.063123
6 0.659164 0.390365 0.045016 0.046512
7 0.709003 0.390365 0.151125 0.053156
1 0.051447 0.583056 0.045016 0.046512
3 0.135048 0.583056 0.218650 0.053156
1 0.327974 0.583056 0.045016 0.046512
3 0.411576 0.583056 0.218650 0.053156
1 0.604502 0.583056 0.045016 0.046512
3 0.657556 0.583056 0.157556 0.053156
2 0.504823 0.785714 0.482315 0.066445
