5 0.561194 0.150552 0.752239 0.055249
8 0.483582 0.150552 0.913433 0.060773
5 0.358209 0.258287 0.262687 0.055249
8 0.259701 0.258287 0.465672 0.060773
5 0.476119 0.366022 0.534328 0.055249
8 0.386567 0.366022 0.719403 0.060773
5 0.300000 0.473757 0.211940 0.055249
8 0.217910 0.473757 0.382090 0.060773
6 0.044030 0.605663 0.034328 0.031768
7 0.108209 0.606354 0.168657 0.038674
1 0.044030 0.713398 0.034328 0.031768
3 0.097761 0.714088 0.147761 0.038674
2 0.640299 0.850829 0.480597 0.091160
