0 0.375000 0.285714 0.704082 0.057143
4 0.375000 0.265714 0.709184 0.091429
0 0.205357 0.377143 0.364796 0.057143
4 0.205357 0.357143 0.369898 0.091429
0 0.427296 0.468571 0.808673 0.057143
4 0.427296 0.448571 0.813776 0.091429
6 0.036990 0.547143 0.028061 0.031429
7 0.066327 0.547143 0.091837 0.037143
6 0.174745 0.547143 0.028061 0.031429
7 0.211735 0.547143 0.107143 0.037143
6 0.327806 0.547143 0.028061 0.031429
7 0.371173 0.547143 0.119898 0.037143
1 0.036990 0.638571 0.028061 0.031429
3 0.104592 0.638571 0.168367 0.037143
2 0.528061 0.761429 0.168367 0.094286
