5 0.555556 0.086455 0.285714 0.100865
8 0.362434 0.086455 0.677249 0.106628
5 0.564815 0.219020 0.304233 0.100865
8 0.371693 0.219020 0.695767 0.106628
5 0.560847 0.351585 0.296296 0.100865
8 0.367725 0.351585 0.687831 0.106628
5 0.551587 0.484150 0.277778 0.100865
8 0.358466 0.484150 0.669312 0.106628
6 0.048942 0.590778 0.050265 0.054755
7 0.104497 0.596542 0.166667 0.072046
6 0.263228 0.590778 0.050265 0.054755
7 0.326720 0.596542 0.182540 0.072046
6 0.493386 0.590778 0.050265 0.054755
7 0.619048 0.603746 0.306878 0.086455
1 0.048942 0.723343 0.050265 0.054755
3 0.160053 0.736311 0.277778 0.086455
1 0.374339 0.723343 0.050265 0.054755
3 0.500000 0.736311 0.306878 0.086455
2 0.281746 0.863112 0.404762 0.069164
