5 0.575949 0.067708 0.310127 0.083333
8 0.381329 0.067708 0.705696 0.088542
5 0.566456 0.203125 0.291139 0.083333
8 0.371835 0.203125 0.686709 0.088542
5 0.662975 0.338542 0.484177 0.083333
8 0.468354 0.338542 0.879747 0.088542
5 0.647152 0.473958 0.452532 0.083333
8 0.452532 0.473958 0.848101 0.088542
6 0.056171 0.587891 0.055380 0.045573
7 0.193829 0.598958 0.337025 0.072917
1 0.056171 0.723307 0.055380 0.045573
3 0.117880 0.727865 0.185127 0.059896
1 0.298259 0.723307 0.055380 0.045573
3 0.412184 0.727865 0.289557 0.059896
1 0.644778 0.723307 0.055380 0.045573
3 0.715981 0.727865 0.204114 0.059896
2 0.650316 0.859375 0.256329 0.046875
