0 0.414062 0.130380 0.771875 0.060759
4 0.414062 0.108861 0.778125 0.098734
0 0.245312 0.246835 0.434375 0.060759
4 0.245312 0.221519 0.440625 0.106329
0 0.382812 0.348101 0.709375 0.060759
4 0.382812 0.326582 0.715625 0.098734
0 0.340625 0.464557 0.625000 0.060759
4 0.340625 0.439241 0.631250 0.106329
0 0.273438 0.565823 0.490625 0.060759
4 0.273438 0.544304 0.496875 0.098734
2 0.048438 0.663291 0.040625 0.032911
5 0.090625 0.664557 0.131250 0.040506
2 0.235937 0.663291 0.040625 0.032911
5 0.335938 0.664557 0.246875 0.040506
3 0.048438 0.772152 0.040625 0.032911
6 0.100000 0.772152 0.150000 0.037975
3 0.254688 0.772152 0.040625 0.032911
6 0.337500 0.773418 0.212500 0.040506
3 0.523438 0.772152 0.040625 0.032911
6 0.623437 0.773418 0.246875 0.040506
1 0.559375 0.910127 0.418750 0.091139
