5 0.650470 0.228205 0.579937 0.058974
8 0.485893 0.228205 0.915361 0.064103
5 0.583072 0.348718 0.445141 0.058974
8 0.418495 0.348718 0.780564 0.064103
6 0.048589 0.500000 0.040752 0.033333
7 0.101881 0.503846 0.153605 0.046154
6 0.258621 0.500000 0.040752 0.033333
7 0.311912 0.500000 0.153605 0.038462
1 0.048589 0.620513 0.040752 0.033333
3 0.101881 0.620513 0.153605 0.038462
1 0.258621 0.620513 0.040752 0.033333
3 0.300940 0.624359 0.131661 0.046154
2 0.702194 0.755128 0.463950 0.061538
