0 0.332425 0.143454 0.201635 0.086351
4 0.228883 0.143454 0.414169 0.091922
0 0.497275 0.302228 0.405995 0.086351
4 0.362398 0.302228 0.681199 0.091922
6 0.047003 0.440808 0.044959 0.045961
7 0.138283 0.445682 0.232970 0.061281
6 0.329019 0.440808 0.044959 0.045961
7 0.391689 0.445682 0.175749 0.061281
6 0.553815 0.440808 0.044959 0.045961
7 0.657357 0.445682 0.257493 0.061281
1 0.047003 0.599582 0.044959 0.045961
3 0.160082 0.611421 0.276567 0.075209
2 0.273842 0.770195 0.237057 0.069638
