0 0.476923 0.199045 0.528205 0.079618
4 0.382051 0.199045 0.723077 0.085987
6 0.040385 0.349522 0.034615 0.042994
7 0.082692 0.350318 0.124359 0.050955
6 0.210897 0.349522 0.034615 0.042994
7 0.258333 0.350318 0.134615 0.050955
6 0.391667 0.349522 0.034615 0.042994
7 0.431410 0.350318 0.119231 0.050955
1 0.040385 0.518312 0.034615 0.042994
3 0.108333 0.519108 0.175641 0.050955
1 0.262179 0.518312 0.034615 0.042994
3 0.330128 0.523885 0.175641 0.060510
2 0.446154 0.721338 0.487179 0.111465
