0 0.342187 0.095541 0.234375 0.073248
4 0.243750 0.095541 0.437500 0.079618
0 0.307812 0.270701 0.190625 0.073248
4 0.215625 0.270701 0.381250 0.079618
6 0.047656 0.429140 0.039062 0.039809
7 0.124219 0.434713 0.198437 0.057325
6 0.302344 0.429140 0.039062 0.039809
7 0.378906 0.434713 0.198437 0.057325
1 0.047656 0.604299 0.039062 0.039809
3 0.121094 0.609873 0.192188 0.057325
1 0.296094 0.604299 0.039062 0.039809
3 0.352344 0.605096 0.157812 0.047771
1 0.510156 0.604299 0.039062 0.039809
3 0.582031 0.605096 0.189062 0.047771
2 0.526563 0.797771 0.290625 0.076433
