0 0.292476 0.091603 0.182039 0.073791
4 0.202670 0.091603 0.366505 0.078880
0 0.577670 0.239186 0.519417 0.073791
4 0.429612 0.239186 0.820388 0.078880
0 0.541262 0.386768 0.422330 0.073791
4 0.387136 0.386768 0.735437 0.078880
6 0.040655 0.517176 0.037621 0.039440
7 0.094053 0.520356 0.149272 0.050891
6 0.233617 0.517176 0.037621 0.039440
7 0.334345 0.520356 0.243932 0.050891
6 0.521238 0.517176 0.037621 0.039440
7 0.569782 0.525445 0.139563 0.061069
6 0.704490 0.517176 0.037621 0.039440
7 0.777306 0.520356 0.188107 0.050891
1 0.040655 0.664758 0.037621 0.039440
3 0.134102 0.667939 0.229369 0.050891
1 0.313714 0.664758 0.037621 0.039440
3 0.392597 0.667939 0.200243 0.050891
2 0.855583 0.818066 0.128641 0.050891
