7 0.411311 0.167260 0.339332 0.103203
8 0.303342 0.167260 0.560411 0.110320
2 0.043702 0.332740 0.041131 0.056940
5 0.091260 0.332740 0.141388 0.064057
2 0.231362 0.332740 0.041131 0.056940
5 0.289203 0.332740 0.161954 0.064057
2 0.439589 0.332740 0.041131 0.056940
5 0.537275 0.338078 0.241645 0.074733
3 0.043702 0.524911 0.041131 0.056940
6 0.096401 0.524911 0.151671 0.064057
3 0.241645 0.524911 0.041131 0.056940
6 0.344473 0.530249 0.251928 0.074733
1 0.383033 0.729537 0.462725 0.081851
