7 0.636228 0.178284 0.661677 0.053619
8 0.498503 0.178284 0.943114 0.058981
7 0.459581 0.317694 0.308383 0.053619
8 0.321856 0.317694 0.589820 0.058981
2 0.044162 0.475201 0.034431 0.030831
5 0.095060 0.475201 0.142216 0.036193
2 0.240269 0.475201 0.034431 0.030831
5 0.274701 0.475201 0.109281 0.036193
3 0.044162 0.614611 0.034431 0.030831
6 0.083084 0.614611 0.118263 0.036193
3 0.216317 0.614611 0.034431 0.030831
6 0.250749 0.614611 0.109281 0.036193
3 0.379491 0.614611 0.034431 0.030831
6 0.463323 0.614611 0.208084 0.036193
1 0.640719 0.765416 0.239521 0.053619
