0 0.677632 0.109145 0.625000 0.073746
4 0.509868 0.109145 0.967105 0.079646
0 0.529605 0.250737 0.302632 0.073746
4 0.355263 0.250737 0.657895 0.079646
0 0.527961 0.392330 0.332237 0.073746
4 0.361842 0.392330 0.671053 0.079646
6 0.051809 0.516962 0.044408 0.039823
7 0.150493 0.516962 0.248355 0.045723
6 0.359375 0.516962 0.044408 0.039823
7 0.431743 0.516962 0.195724 0.045723
6 0.614309 0.516962 0.044408 0.039823
7 0.736020 0.516962 0.294408 0.045723
1 0.051809 0.658555 0.044408 0.039823
3 0.152138 0.659292 0.251645 0.047198
2 0.217105 0.824484 0.151316 0.088496
