7 0.566845 0.092958 0.347594 0.098592
8 0.383690 0.092958 0.719251 0.104225
7 0.449198 0.245070 0.112299 0.098592
8 0.266043 0.245070 0.483957 0.104225
7 0.643048 0.397183 0.500000 0.098592
8 0.459893 0.397183 0.871658 0.104225
2 0.049465 0.523944 0.050802 0.053521
5 0.136364 0.523944 0.229947 0.059155
2 0.327540 0.523944 0.050802 0.053521
5 0.447861 0.523944 0.296791 0.059155
2 0.672460 0.523944 0.050802 0.053521
5 0.792781 0.523944 0.296791 0.059155
3 0.049465 0.676056 0.050802 0.053521
6 0.187166 0.683099 0.331551 0.073239
1 0.306150 0.826761 0.564171 0.050704
