0 0.634868 0.084527 0.440789 0.103152
4 0.442434 0.084527 0.832237 0.108883
0 0.625000 0.239255 0.427632 0.103152
4 0.434211 0.239255 0.815789 0.108883
0 0.519737 0.393983 0.289474 0.103152
4 0.347039 0.393983 0.641447 0.108883
6 0.060855 0.524355 0.062500 0.054441
7 0.152961 0.528653 0.253289 0.068768
6 0.373355 0.524355 0.062500 0.054441
7 0.541118 0.528653 0.404605 0.068768
1 0.060855 0.679083 0.062500 0.054441
3 0.199013 0.679083 0.345395 0.060172
1 0.465461 0.679083 0.062500 0.054441
3 0.555921 0.679083 0.250000 0.060172
2 0.355263 0.856734 0.440789 0.100287
