0 0.355457 0.134271 0.657817 0.056266
4 0.355457 0.108696 0.663717 0.102302
0 0.181416 0.223785 0.309735 0.056266
4 0.181416 0.202046 0.315634 0.094629
0 0.073746 0.320972 0.094395 0.056266
4 0.073746 0.299233 0.100295 0.094629
0 0.196165 0.425831 0.339233 0.056266
4 0.196165 0.400256 0.345133 0.102302
0 0.187316 0.523018 0.321534 0.056266
4 0.187316 0.497442 0.327434 0.102302
0 0.175516 0.612532 0.297935 0.056266
4 0.175516 0.590793 0.303835 0.094629
6 0.044248 0.699488 0.035398 0.030691
7 0.081121 0.699488 0.115044 0.035806
1 0.044248 0.796675 0.035398 0.030691
3 0.104720 0.796675 0.162242 0.035806
2 0.390855 0.915601 0.640118 0.074169
