0 0.360969 0.164756 0.676020 0.103152
4 0.360969 0.131805 0.681122 0.163324
0 0.253827 0.353868 0.461735 0.103152
4 0.253827 0.315186 0.466837 0.174785
6 0.047194 0.501433 0.048469 0.054441
7 0.123724 0.501433 0.206633 0.060172
6 0.299745 0.501433 0.048469 0.054441
7 0.394133 0.504298 0.242347 0.065903
1 0.047194 0.679083 0.048469 0.054441
3 0.089286 0.679083 0.137755 0.060172
1 0.230867 0.679083 0.048469 0.054441
3 0.308673 0.681948 0.209184 0.065903
2 0.457908 0.856734 0.339286 0.054441
