5 0.325333 0.109890 0.112000 0.098901
8 0.204000 0.109890 0.360000 0.106227
5 0.342667 0.256410 0.146667 0.098901
8 0.221333 0.256410 0.394667 0.106227
5 0.392000 0.402930 0.245333 0.098901
8 0.270667 0.402930 0.493333 0.106227
6 0.044000 0.523810 0.040000 0.054945
7 0.116000 0.523810 0.189333 0.062271
1 0.044000 0.670330 0.040000 0.054945
3 0.098667 0.670330 0.154667 0.062271
1 0.246667 0.670330 0.040000 0.054945
3 0.338667 0.670330 0.229333 0.062271
2 0.570667 0.833333 0.101333 0.087912
