0 0.378750 0.248744 0.712500 0.065327
4 0.378750 0.223618 0.717500 0.110553
0 0.191250 0.386935 0.337500 0.065327
4 0.191250 0.358040 0.342500 0.118090
2 0.040000 0.497487 0.035000 0.035176
5 0.093750 0.497487 0.147500 0.040201
2 0.232500 0.497487 0.035000 0.035176
5 0.285000 0.497487 0.145000 0.040201
2 0.422500 0.497487 0.035000 0.035176
5 0.515000 0.501256 0.225000 0.047739
2 0.692500 0.497487 0.035000 0.035176
5 0.770000 0.501256 0.195000 0.047739
3 0.040000 0.628141 0.035000 0.035176
6 0.098750 0.628141 0.157500 0.040201
3 0.242500 0.628141 0.035000 0.035176
6 0.318750 0.628141 0.192500 0.040201
3 0.480000 0.628141 0.035000 0.035176
6 0.521250 0.628141 0.122500 0.040201
3 0.647500 0.628141 0.035000 0.035176
6 0.747500 0.631910 0.240000 0.047739
1 0.808750 0.778894 0.122500 0.075377
