5 0.463380 0.106105 0.509859 0.084302
8 0.373239 0.106105 0.695775 0.090116
5 0.415493 0.280523 0.340845 0.084302
8 0.307042 0.280523 0.563380 0.090116
6 0.047887 0.433140 0.045070 0.046512
7 0.094366 0.440407 0.143662 0.066860
6 0.242254 0.433140 0.045070 0.046512
7 0.312676 0.434593 0.191549 0.055233
1 0.047887 0.607558 0.045070 0.046512
3 0.138028 0.614826 0.230986 0.066860
1 0.329577 0.607558 0.045070 0.046512
3 0.418310 0.609012 0.228169 0.055233
2 0.373239 0.800872 0.385915 0.084302
