5 0.628655 0.089636 0.736842 0.089636
8 0.513158 0.089636 0.973684 0.095238
5 0.409357 0.271709 0.397661 0.089636
8 0.318713 0.271709 0.584795 0.095238
6 0.051901 0.492297 0.051170 0.049020
7 0.097222 0.492297 0.147661 0.054622
1 0.051901 0.674370 0.051170 0.049020
3 0.098684 0.677871 0.150585 0.061625
1 0.255117 0.674370 0.051170 0.049020
3 0.342836 0.674370 0.232456 0.054622
1 0.540205 0.674370 0.051170 0.049020
3 0.635234 0.674370 0.247076 0.054622
2 0.593567 0.869748 0.228070 0.075630
