5 0.250000 0.201316 0.192308 0.060526
8 0.186813 0.201316 0.324176 0.065789
5 0.494505 0.332895 0.659341 0.060526
8 0.425824 0.332895 0.802198 0.065789
6 0.042582 0.493421 0.035714 0.034211
7 0.104396 0.493421 0.164835 0.039474
6 0.256868 0.493421 0.035714 0.034211
7 0.315934 0.493421 0.159341 0.039474
1 0.042582 0.625000 0.035714 0.034211
3 0.123626 0.625000 0.203297 0.039474
1 0.295330 0.625000 0.035714 0.034211
3 0.365385 0.627632 0.181319 0.044737
2 0.451923 0.784211 0.354396 0.089474
