5 0.508746 0.121324 0.451895 0.066176
8 0.381924 0.121324 0.711370 0.071078
5 0.432945 0.258578 0.498542 0.066176
8 0.355685 0.258578 0.658892 0.071078
5 0.549563 0.395833 0.446064 0.066176
8 0.400875 0.395833 0.749271 0.071078
6 0.048105 0.515931 0.043732 0.036765
7 0.182216 0.515931 0.317784 0.041667
1 0.048105 0.653186 0.043732 0.036765
3 0.164723 0.658088 0.282799 0.051471
1 0.383382 0.653186 0.043732 0.036765
3 0.479592 0.658088 0.241983 0.051471
2 0.304665 0.797794 0.195335 0.051471
