0 0.245370 0.193410 0.435185 0.074499
4 0.245370 0.163324 0.441358 0.128940
0 0.114198 0.316619 0.172840 0.074499
4 0.114198 0.290831 0.179012 0.120344
0 0.293210 0.448424 0.530864 0.074499
4 0.293210 0.422636 0.537037 0.120344
6 0.049383 0.565903 0.043210 0.040115
7 0.137346 0.565903 0.225309 0.045845
6 0.330247 0.565903 0.043210 0.040115
7 0.418210 0.565903 0.225309 0.045845
1 0.049383 0.697708 0.043210 0.040115
3 0.095679 0.697708 0.141975 0.045845
2 0.750000 0.856734 0.308642 0.094556
