0 0.350467 0.156352 0.644860 0.081433
4 0.350467 0.123779 0.651090 0.140065
0 0.233645 0.332248 0.411215 0.081433
4 0.233645 0.299674 0.417445 0.140065
2 0.049065 0.482899 0.042056 0.043974
5 0.106698 0.482899 0.163551 0.050489
2 0.268692 0.482899 0.042056 0.043974
5 0.332555 0.482899 0.176012 0.050489
3 0.049065 0.658795 0.042056 0.043974
6 0.130062 0.658795 0.210280 0.050489
3 0.315421 0.658795 0.042056 0.043974
6 0.360592 0.659609 0.138629 0.052117
1 0.500000 0.851792 0.470405 0.078176
