5 0.610759 0.274148 0.639241 0.088068
8 0.481013 0.274148 0.905063 0.093750
5 0.455696 0.382102 0.291139 0.088068
8 0.316456 0.382102 0.575949 0.093750
6 0.055380 0.467330 0.053797 0.048295
7 0.126582 0.467330 0.202532 0.053977
6 0.314873 0.467330 0.053797 0.048295
7 0.409810 0.467330 0.250000 0.053977
6 0.621835 0.467330 0.053797 0.048295
7 0.719937 0.467330 0.256329 0.053977
1 0.055380 0.575284 0.053797 0.048295
3 0.174051 0.575284 0.297468 0.053977
1 0.409810 0.575284 0.053797 0.048295
3 0.522152 0.579545 0.284810 0.062500
1 0.751582 0.575284 0.053797 0.048295
3 0.818038 0.579545 0.193038 0.062500
2 0.702532 0.698864 0.284810 0.079545
