0 0.265487 0.359580 0.477876 0.060367
4 0.265487 0.335958 0.483776 0.102362
2 0.044985 0.453412 0.036873 0.032808
5 0.089233 0.453412 0.131268 0.038058
2 0.229351 0.453412 0.036873 0.032808
5 0.339971 0.453412 0.264012 0.038058
2 0.546460 0.453412 0.036873 0.032808
5 0.598083 0.453412 0.146018 0.038058
3 0.044985 0.558399 0.036873 0.032808
6 0.134956 0.558399 0.222714 0.038058
3 0.320796 0.558399 0.036873 0.032808
6 0.424041 0.558399 0.249263 0.038058
3 0.623156 0.558399 0.036873 0.032808
6 0.689528 0.558399 0.175516 0.038058
1 0.620944 0.692913 0.362832 0.091864
