5 0.623656 0.157963 0.629032 0.086162
8 0.482527 0.157963 0.916667 0.091384
5 0.541667 0.312010 0.465054 0.086162
8 0.400538 0.312010 0.752688 0.091384
6 0.048387 0.503916 0.048387 0.046997
7 0.100806 0.503916 0.158602 0.052219
6 0.255376 0.503916 0.048387 0.046997
7 0.379032 0.503916 0.301075 0.052219
6 0.604839 0.503916 0.048387 0.046997
7 0.700269 0.503916 0.244624 0.052219
1 0.048387 0.657963 0.048387 0.046997
3 0.104839 0.657963 0.166667 0.052219
2 0.306452 0.830287 0.516129 0.083551
