7 0.245383 0.210227 0.084433 0.051136
8 0.156992 0.210227 0.266491 0.056818
7 0.494723 0.315341 0.583113 0.051136
8 0.406332 0.315341 0.765172 0.056818
7 0.311346 0.420455 0.216359 0.051136
8 0.222955 0.420455 0.398417 0.056818
2 0.037599 0.546165 0.027704 0.029830
5 0.089050 0.546165 0.135884 0.035511
2 0.220976 0.546165 0.027704 0.029830
5 0.272427 0.546165 0.135884 0.035511
3 0.037599 0.651278 0.027704 0.029830
6 0.070580 0.651278 0.098945 0.035511
1 0.211082 0.789773 0.237467 0.096591
