0 0.126598 0.178733 0.207161 0.090498
4 0.126598 0.147059 0.212276 0.144796
2 0.037084 0.366516 0.028133 0.049774
5 0.094629 0.366516 0.148338 0.058824
2 0.231458 0.366516 0.028133 0.049774
5 0.281330 0.366516 0.132992 0.058824
3 0.037084 0.574661 0.028133 0.049774
6 0.062660 0.574661 0.084399 0.058824
3 0.167519 0.574661 0.028133 0.049774
6 0.200767 0.574661 0.099744 0.058824
3 0.313299 0.574661 0.028133 0.049774
6 0.377238 0.574661 0.161125 0.058824
1 0.336317 0.823529 0.381074 0.131222
