0 0.367168 0.206461 0.689223 0.073034
4 0.367168 0.181180 0.694236 0.117978
0 0.245614 0.355337 0.446115 0.073034
4 0.245614 0.330056 0.451128 0.117978
6 0.040100 0.490169 0.035088 0.039326
7 0.092732 0.490169 0.145363 0.044944
1 0.040100 0.639045 0.035088 0.039326
3 0.114035 0.639045 0.187970 0.044944
1 0.273183 0.639045 0.035088 0.039326
3 0.324561 0.639045 0.142857 0.044944
1 0.461153 0.639045 0.035088 0.039326
3 0.513784 0.639045 0.145363 0.044944
2 0.357143 0.818820 0.443609 0.101124
