7 0.382834 0.155216 0.297003 0.043257
8 0.279292 0.155216 0.509537 0.048346
7 0.316076 0.246819 0.163488 0.043257
8 0.212534 0.246819 0.376022 0.048346
7 0.460490 0.338422 0.452316 0.043257
8 0.356948 0.338422 0.664850 0.048346
7 0.535422 0.430025 0.602180 0.043257
8 0.431880 0.430025 0.814714 0.048346
7 0.321526 0.521628 0.174387 0.043257
8 0.217984 0.521628 0.386921 0.048346
2 0.038147 0.601781 0.027248 0.025445
5 0.088556 0.601781 0.133515 0.030534
2 0.220708 0.601781 0.027248 0.025445
5 0.283379 0.601781 0.158038 0.030534
2 0.427793 0.601781 0.027248 0.025445
5 0.489101 0.601781 0.155313 0.030534
3 0.038147 0.693384 0.027248 0.025445
6 0.096730 0.693384 0.149864 0.030534
3 0.237057 0.693384 0.027248 0.025445
6 0.269755 0.693384 0.098093 0.030534
1 0.352861 0.805344 0.482289 0.066158
