5 0.484286 0.102817 0.608571 0.050704
8 0.408571 0.102817 0.765714 0.056338
5 0.535714 0.243662 0.694286 0.050704
8 0.455714 0.243662 0.860000 0.056338
5 0.365714 0.384507 0.400000 0.050704
8 0.297143 0.384507 0.542857 0.056338
6 0.040714 0.551408 0.030000 0.029577
7 0.092143 0.551408 0.138571 0.035211
1 0.040714 0.692254 0.030000 0.029577
3 0.110714 0.692254 0.175714 0.035211
1 0.267857 0.692254 0.030000 0.029577
3 0.317857 0.692254 0.135714 0.035211
1 0.455000 0.692254 0.030000 0.029577
3 0.496429 0.692254 0.118571 0.035211
2 0.314286 0.859155 0.262857 0.081690
