0 0.253012 0.279830 0.192771 0.065341
4 0.185542 0.279830 0.332530 0.071023
6 0.036747 0.389915 0.030120 0.035511
7 0.070482 0.390625 0.102410 0.042614
6 0.182530 0.389915 0.030120 0.035511
7 0.237952 0.390625 0.145783 0.042614
6 0.371687 0.389915 0.030120 0.035511
7 0.434337 0.390625 0.160241 0.042614
6 0.575301 0.389915 0.030120 0.035511
7 0.646386 0.394886 0.177108 0.051136
1 0.036747 0.514915 0.030120 0.035511
3 0.068072 0.515625 0.097590 0.042614
2 0.542169 0.651989 0.303614 0.059659
