5 0.467742 0.237975 0.619355 0.053165
8 0.404839 0.237975 0.751613 0.058228
5 0.495161 0.334177 0.609677 0.053165
8 0.416129 0.334177 0.774194 0.058228
5 0.508065 0.430380 0.577419 0.053165
8 0.414516 0.430380 0.770968 0.058228
6 0.048387 0.553165 0.038710 0.030380
7 0.088710 0.553165 0.125806 0.035443
6 0.232258 0.553165 0.038710 0.030380
7 0.306452 0.555696 0.193548 0.040506
6 0.483871 0.553165 0.038710 0.030380
7 0.548387 0.553165 0.174194 0.035443
1 0.048387 0.649367 0.038710 0.030380
3 0.116129 0.651899 0.180645 0.040506
2 0.383871 0.769620 0.445161 0.078481
