0 0.129167 0.226700 0.208333 0.068010
4 0.129167 0.200252 0.213889 0.115869
0 0.179167 0.367758 0.308333 0.068010
4 0.179167 0.341310 0.313889 0.115869
6 0.045139 0.498111 0.040278 0.036524
7 0.164583 0.498741 0.284722 0.042821
6 0.379861 0.498111 0.040278 0.036524
7 0.490972 0.503778 0.268056 0.052897
6 0.697917 0.498111 0.040278 0.036524
7 0.789583 0.498741 0.229167 0.042821
1 0.045139 0.639169 0.040278 0.036524
3 0.135417 0.639798 0.226389 0.042821
1 0.321528 0.639169 0.040278 0.036524
3 0.413194 0.639798 0.229167 0.042821
1 0.600694 0.639169 0.040278 0.036524
3 0.728472 0.639798 0.301389 0.042821
2 0.294444 0.784635 0.511111 0.045340
