0 0.542700 0.140777 0.495868 0.074434
4 0.407713 0.140777 0.771350 0.080906
0 0.402204 0.228155 0.170799 0.074434
4 0.256198 0.228155 0.468320 0.080906
0 0.593664 0.315534 0.575758 0.074434
4 0.453168 0.315534 0.862259 0.080906
0 0.426997 0.402913 0.280992 0.074434
4 0.296143 0.402913 0.548209 0.080906
0 0.472452 0.490291 0.322314 0.074434
4 0.329201 0.490291 0.614325 0.080906
0 0.387052 0.577670 0.151515 0.074434
4 0.243802 0.577670 0.443526 0.080906
2 0.042011 0.648058 0.034435 0.040453
5 0.134298 0.652104 0.224518 0.055016
2 0.316116 0.648058 0.034435 0.040453
5 0.393251 0.648058 0.194215 0.046926
3 0.042011 0.735437 0.034435 0.040453
6 0.134298 0.739482 0.224518 0.055016
1 0.253444 0.838188 0.143251 0.071197
