0 0.666667 0.103448 0.565333 0.103448
4 0.486667 0.103448 0.930667 0.109195
0 0.612000 0.281609 0.397333 0.103448
4 0.417333 0.281609 0.792000 0.109195
2 0.049333 0.435345 0.050667 0.054598
5 0.118667 0.435345 0.194667 0.060345
2 0.292000 0.435345 0.050667 0.054598
5 0.418667 0.435345 0.309333 0.060345
3 0.049333 0.613506 0.050667 0.054598
6 0.161333 0.613506 0.280000 0.060345
3 0.377333 0.613506 0.050667 0.054598
6 0.516000 0.620690 0.333333 0.074713
1 0.289333 0.800287 0.386667 0.071839
