7 0.449333 0.117962 0.258667 0.061662
8 0.302667 0.117962 0.557333 0.067024
7 0.508000 0.235925 0.376000 0.061662
8 0.361333 0.235925 0.674667 0.067024
7 0.521333 0.353887 0.402667 0.061662
8 0.374667 0.353887 0.701333 0.067024
7 0.608000 0.471850 0.576000 0.061662
8 0.461333 0.471850 0.874667 0.067024
2 0.041333 0.621984 0.034667 0.034853
5 0.120000 0.621984 0.197333 0.040214
3 0.041333 0.739946 0.034667 0.034853
6 0.098667 0.743968 0.154667 0.048257
1 0.694667 0.876676 0.509333 0.072386
