0 0.199045 0.156642 0.340764 0.047619
4 0.199045 0.139098 0.347134 0.077694
0 0.227707 0.269424 0.398089 0.047619
4 0.227707 0.251880 0.404459 0.077694
0 0.243631 0.387218 0.429936 0.047619
4 0.243631 0.367168 0.436306 0.082707
0 0.253185 0.494987 0.449045 0.047619
4 0.253185 0.477444 0.455414 0.077694
6 0.045382 0.597118 0.033439 0.026316
7 0.110669 0.597118 0.170382 0.031328
6 0.273089 0.597118 0.033439 0.026316
7 0.319268 0.597118 0.132166 0.031328
1 0.045382 0.709900 0.033439 0.026316
3 0.110669 0.709900 0.170382 0.031328
1 0.273089 0.709900 0.033439 0.026316
3 0.339968 0.709900 0.173567 0.031328
2 0.323248 0.850877 0.487261 0.082707
