5 0.404839 0.136194 0.312903 0.108209
8 0.296774 0.136194 0.535484 0.115672
6 0.054839 0.406716 0.051613 0.059701
7 0.190323 0.417910 0.329032 0.089552
6 0.441935 0.406716 0.051613 0.059701
7 0.495161 0.417910 0.164516 0.089552
1 0.054839 0.615672 0.051613 0.059701
3 0.111290 0.619403 0.170968 0.074627
1 0.283871 0.615672 0.051613 0.059701
3 0.430645 0.619403 0.351613 0.074627
1 0.693548 0.615672 0.051613 0.059701
3 0.780645 0.619403 0.232258 0.074627
2 0.522581 0.847015 0.748387 0.104478
