0 0.327103 0.124378 0.211838 0.049751
4 0.230530 0.124378 0.411215 0.054726
0 0.641745 0.203980 0.685358 0.049751
4 0.506231 0.203980 0.962617 0.054726
0 0.492212 0.283582 0.498442 0.049751
4 0.384735 0.283582 0.719626 0.054726
0 0.347352 0.363184 0.214953 0.049751
4 0.241433 0.363184 0.433022 0.054726
0 0.308411 0.442786 0.311526 0.049751
4 0.246106 0.442786 0.442368 0.054726
0 0.582555 0.522388 0.778816 0.049751
4 0.500000 0.522388 0.950156 0.054726
0 0.529595 0.601990 0.517134 0.049751
4 0.408100 0.601990 0.766355 0.054726
2 0.045171 0.670398 0.034268 0.027363
5 0.124611 0.670398 0.199377 0.032338
2 0.300623 0.670398 0.034268 0.027363
5 0.373832 0.670398 0.186916 0.032338
3 0.045171 0.750000 0.034268 0.027363
6 0.124611 0.750000 0.199377 0.032338
3 0.300623 0.750000 0.034268 0.027363
6 0.387850 0.752488 0.214953 0.037313
3 0.571651 0.750000 0.034268 0.027363
6 0.646417 0.750000 0.190031 0.032338
1 0.369159 0.853234 0.358255 0.074627
