5 0.551282 0.107488 0.634615 0.045894
8 0.450321 0.107488 0.842949 0.050725
5 0.379808 0.211353 0.253205 0.045894
8 0.269231 0.211353 0.480769 0.050725
5 0.583333 0.315217 0.724359 0.045894
8 0.488782 0.315217 0.919872 0.050725
5 0.408654 0.419082 0.259615 0.045894
8 0.285256 0.419082 0.512821 0.050725
5 0.371795 0.522947 0.294872 0.045894
8 0.275641 0.522947 0.493590 0.050725
6 0.046474 0.653382 0.035256 0.026570
7 0.088141 0.657005 0.125000 0.038647
6 0.229167 0.653382 0.035256 0.026570
7 0.293269 0.653382 0.169872 0.031401
1 0.046474 0.757246 0.035256 0.026570
3 0.088141 0.760870 0.125000 0.038647
1 0.229167 0.757246 0.035256 0.026570
3 0.294872 0.757246 0.173077 0.031401
1 0.459936 0.757246 0.035256 0.026570
3 0.501603 0.760870 0.125000 0.038647
2 0.543269 0.891304 0.304487 0.086957
