5 0.393782 0.169100 0.243523 0.068127
8 0.270725 0.169100 0.494819 0.072993
5 0.546632 0.315085 0.580311 0.068127
8 0.431347 0.315085 0.816062 0.072993
6 0.043394 0.499392 0.040155 0.037713
7 0.144430 0.501217 0.247409 0.046229
6 0.337435 0.499392 0.040155 0.037713
7 0.415155 0.501217 0.200777 0.046229
1 0.043394 0.645377 0.040155 0.037713
3 0.092617 0.647202 0.143782 0.046229
1 0.233808 0.645377 0.040155 0.037713
3 0.332254 0.647202 0.242228 0.046229
1 0.522668 0.645377 0.040155 0.037713
3 0.599093 0.647202 0.198187 0.046229
2 0.117876 0.794404 0.173575 0.043796
