7 0.520936 0.177700 0.667488 0.121951
8 0.439655 0.177700 0.834975 0.128920
2 0.045567 0.337979 0.046798 0.066202
5 0.125616 0.343206 0.211823 0.083624
2 0.301724 0.337979 0.046798 0.066202
5 0.416256 0.343206 0.280788 0.083624
2 0.626847 0.337979 0.046798 0.066202
5 0.766010 0.351916 0.330049 0.101045
3 0.045567 0.529617 0.046798 0.066202
6 0.184729 0.543554 0.330049 0.101045
3 0.419951 0.529617 0.046798 0.066202
6 0.565271 0.534843 0.342365 0.083624
1 0.378079 0.735192 0.381773 0.094077
