5 0.534091 0.178707 0.340909 0.079848
8 0.368506 0.178707 0.678571 0.087452
5 0.589286 0.323194 0.451299 0.079848
8 0.423701 0.323194 0.788961 0.087452
6 0.048701 0.507605 0.038961 0.045627
7 0.176948 0.511407 0.301948 0.060837
1 0.048701 0.652091 0.038961 0.045627
3 0.152597 0.655894 0.253247 0.060837
1 0.360390 0.652091 0.038961 0.045627
3 0.422078 0.655894 0.168831 0.060837
1 0.587662 0.652091 0.038961 0.045627
3 0.707792 0.652091 0.285714 0.053232
2 0.451299 0.826996 0.344156 0.106464
