5 0.527500 0.100000 0.510000 0.095522
8 0.403750 0.100000 0.762500 0.101493
5 0.423750 0.279104 0.302500 0.095522
8 0.300000 0.279104 0.555000 0.101493
6 0.044375 0.499254 0.043750 0.052239
7 0.153125 0.502985 0.266250 0.065672
6 0.355625 0.499254 0.043750 0.052239
7 0.394375 0.499254 0.126250 0.058209
6 0.526875 0.499254 0.043750 0.052239
7 0.611875 0.502985 0.218750 0.065672
1 0.044375 0.678358 0.043750 0.052239
3 0.153125 0.682090 0.266250 0.065672
1 0.355625 0.678358 0.043750 0.052239
3 0.449375 0.678358 0.236250 0.058209
1 0.636875 0.678358 0.043750 0.052239
3 0.686875 0.678358 0.148750 0.058209
2 0.197500 0.882090 0.140000 0.101493
