0 0.463696 0.108955 0.531353 0.083582
4 0.379538 0.108955 0.706271 0.089552
0 0.405941 0.252239 0.257426 0.083582
4 0.282178 0.252239 0.511551 0.089552
0 0.481848 0.395522 0.323432 0.083582
4 0.336634 0.395522 0.620462 0.089552
6 0.054455 0.519403 0.049505 0.044776
7 0.150165 0.526866 0.247525 0.065672
6 0.361386 0.519403 0.049505 0.044776
7 0.424092 0.526866 0.181518 0.065672
6 0.602310 0.519403 0.049505 0.044776
7 0.655116 0.520896 0.161716 0.053731
1 0.054455 0.662687 0.049505 0.044776
3 0.107261 0.670149 0.161716 0.065672
2 0.222772 0.819403 0.379538 0.071642
