0 0.584848 0.200501 0.606061 0.067669
4 0.457576 0.200501 0.866667 0.072682
0 0.481818 0.283208 0.309091 0.067669
4 0.331818 0.283208 0.615152 0.072682
0 0.469697 0.365915 0.369697 0.067669
4 0.340909 0.365915 0.633333 0.072682
0 0.628788 0.448622 0.627273 0.067669
4 0.484848 0.448622 0.921212 0.072682
0 0.389394 0.531328 0.215152 0.067669
4 0.262121 0.531328 0.475758 0.072682
6 0.049242 0.598371 0.043939 0.036341
7 0.093182 0.605263 0.137879 0.055138
6 0.241667 0.598371 0.043939 0.036341
7 0.329545 0.600251 0.225758 0.045113
6 0.521970 0.598371 0.043939 0.036341
7 0.579545 0.605263 0.165152 0.055138
1 0.049242 0.681078 0.043939 0.036341
3 0.093182 0.687970 0.137879 0.055138
2 0.481818 0.781955 0.515152 0.072682
