7 0.570106 0.103155 0.695767 0.065534
8 0.472222 0.103155 0.896825 0.070388
7 0.448413 0.246359 0.489418 0.065534
8 0.359788 0.246359 0.671958 0.070388
7 0.293651 0.389563 0.222222 0.065534
8 0.215608 0.389563 0.383598 0.070388
2 0.043651 0.515777 0.039683 0.036408
5 0.145503 0.518204 0.248677 0.046117
2 0.339947 0.515777 0.039683 0.036408
5 0.406085 0.518204 0.177249 0.046117
3 0.043651 0.658981 0.039683 0.036408
6 0.169312 0.661408 0.296296 0.046117
3 0.387566 0.658981 0.039683 0.036408
6 0.503968 0.666262 0.277778 0.055825
1 0.449735 0.821602 0.481481 0.075243
