5 0.292553 0.184953 0.117021 0.072100
8 0.188830 0.184953 0.329787 0.078370
5 0.424202 0.285266 0.380319 0.072100
8 0.320479 0.285266 0.593085 0.078370
5 0.597074 0.385580 0.726064 0.072100
8 0.493351 0.385580 0.938830 0.078370
5 0.505319 0.485893 0.542553 0.072100
8 0.401596 0.485893 0.755319 0.078370
6 0.041223 0.567398 0.034574 0.040752
7 0.107713 0.568966 0.172872 0.050157
1 0.041223 0.667712 0.034574 0.040752
3 0.115691 0.667712 0.188830 0.047022
1 0.277926 0.667712 0.034574 0.040752
3 0.332447 0.667712 0.148936 0.047022
2 0.285904 0.794671 0.252660 0.094044
