0 0.485215 0.092683 0.438172 0.068293
4 0.364247 0.092683 0.685484 0.073171
0 0.338710 0.180488 0.172043 0.068293
4 0.224462 0.180488 0.405914 0.073171
0 0.327957 0.268293 0.145161 0.068293
4 0.212366 0.268293 0.381720 0.073171
0 0.344086 0.356098 0.193548 0.068293
4 0.232527 0.356098 0.422043 0.073171
0 0.543011 0.443902 0.591398 0.068293
4 0.431452 0.443902 0.819892 0.073171
0 0.369624 0.531707 0.201613 0.068293
4 0.247312 0.531707 0.451613 0.073171
0 0.486559 0.619512 0.424731 0.068293
4 0.361559 0.619512 0.680108 0.073171
6 0.044355 0.691463 0.040323 0.036585
7 0.095430 0.691463 0.147849 0.041463
1 0.044355 0.779268 0.040323 0.036585
3 0.127688 0.780488 0.212366 0.043902
1 0.305108 0.779268 0.040323 0.036585
3 0.342742 0.779268 0.120968 0.041463
1 0.474462 0.779268 0.040323 0.036585
3 0.544355 0.780488 0.185484 0.043902
2 0.592742 0.875610 0.309140 0.053659
