0 0.497487 0.131926 0.894472 0.063325
0 0.497487 0.232190 0.904523 0.063325
0 0.500000 0.335092 0.899497 0.063325
2 0.062814 0.423483 0.055276 0.029024
2 0.065327 0.453826 0.060302 0.031662
0 0.497487 0.633245 0.904523 0.063325
7 0.065327 0.808707 0.040201 0.029024
7 0.067839 0.840369 0.035176 0.029024
7 0.065327 0.870712 0.020101 0.026385
3 0.500000 0.955145 0.939698 0.063325
5 0.497487 0.121372 0.914573 0.094987
5 0.497487 0.222955 0.924623 0.087071
5 0.505025 0.325858 0.929648 0.092348
4 0.130653 0.422164 0.211055 0.036939
4 0.140704 0.453826 0.231156 0.036939
5 0.500000 0.625330 0.929648 0.094987
4 0.160804 0.808707 0.251256 0.034301
4 0.133166 0.839050 0.195980 0.036939
4 0.100503 0.873351 0.130653 0.036939
