0 0.266827 0.026385 0.298077 0.036939
0 0.268029 0.077836 0.300481 0.039578
0 0.266827 0.125330 0.298077 0.039578
0 0.266827 0.196570 0.298077 0.044855
0 0.265625 0.246702 0.305288 0.039578
0 0.265625 0.317942 0.295673 0.039578
0 0.264423 0.366755 0.298077 0.031662
0 0.265625 0.418206 0.300481 0.034301
0 0.156250 0.522427 0.076923 0.031662
0 0.193510 0.571240 0.156250 0.039578
0 0.266827 0.792876 0.302885 0.034301
0 0.832933 0.072559 0.295673 0.039578
0 0.831731 0.121372 0.298077 0.031662
0 0.830529 0.333773 0.295673 0.034301
0 0.832933 0.391821 0.300481 0.039578
0 0.832933 0.445910 0.295673 0.036939
0 0.831731 0.506596 0.298077 0.036939
0 0.830529 0.605541 0.300481 0.034301
0 0.826923 0.733509 0.293269 0.036939
0 0.826923 0.784960 0.298077 0.034301
0 0.719952 0.886544 0.079327 0.031662
0 0.756010 0.937995 0.156250 0.034301
