0 0.245783 0.460494 0.385542 0.056790
0 0.248193 0.566667 0.385542 0.056790
0 0.245783 0.672840 0.385542 0.056790
0 0.248193 0.775309 0.385542 0.054321
0 0.832530 0.419753 0.257831 0.029630
0 0.832530 0.459259 0.257831 0.029630
0 0.832530 0.501235 0.257831 0.029630
0 0.832530 0.540741 0.257831 0.029630
2 0.657831 0.955556 0.327711 0.049383
4 0.246988 0.448148 0.392771 0.091358
4 0.249398 0.553086 0.397590 0.093827
4 0.244578 0.658025 0.392771 0.096296
4 0.248193 0.760494 0.395181 0.093827
4 0.726506 0.419753 0.484337 0.039506
4 0.725301 0.459259 0.481928 0.039506
4 0.724096 0.500000 0.479518 0.037037
4 0.726506 0.538272 0.479518 0.039506
