0 0.231023 0.286942 0.409241 0.072165
0 0.656766 0.288660 0.409241 0.068729
0 0.232673 0.396907 0.419142 0.079038
0 0.655116 0.398625 0.419142 0.075601
0 0.229373 0.506873 0.419142 0.072165
0 0.655116 0.506873 0.419142 0.072165
0 0.443894 0.702749 0.841584 0.243986
7 0.052805 0.876289 0.059406 0.054983
3 0.798680 0.884880 0.125413 0.072165
5 0.231023 0.276632 0.415842 0.106529
5 0.655116 0.276632 0.425743 0.099656
5 0.231023 0.390034 0.429043 0.106529
5 0.660066 0.390034 0.422442 0.113402
5 0.227723 0.496564 0.429043 0.099656
5 0.658416 0.498282 0.425743 0.103093
5 0.445545 0.692440 0.851485 0.278351
8 0.349835 0.878007 0.666667 0.072165
