2 0.380117 0.070406 0.050682 0.059666
2 0.707602 0.066826 0.046784 0.057279
0 0.623782 0.218377 0.541910 0.097852
0 0.622807 0.346062 0.543860 0.100239
0 0.619883 0.569212 0.541910 0.097852
0 0.621832 0.695704 0.538012 0.093079
0 0.622807 0.823389 0.543860 0.095465
0 0.554581 0.933174 0.391813 0.057279
4 0.492203 0.070406 0.286550 0.073986
4 0.828460 0.068019 0.300195 0.069212
5 0.460039 0.218377 0.881092 0.112172
5 0.454191 0.344869 0.881092 0.112172
5 0.456140 0.566826 0.881092 0.112172
5 0.460039 0.693317 0.881092 0.112172
5 0.461988 0.824582 0.881092 0.112172
5 0.393762 0.935561 0.740741 0.076372
