0 0.588942 0.163070 0.735577 0.086331
0 0.590144 0.254197 0.728365 0.091127
0 0.586538 0.575540 0.730769 0.086331
0 0.585337 0.665468 0.728365 0.083933
0 0.586538 0.748201 0.730769 0.081535
0 0.586538 0.838129 0.730769 0.088729
0 0.587740 0.924460 0.733173 0.083933
5 0.548077 0.159472 0.836538 0.098321
5 0.518029 0.256595 0.887019 0.100719
5 0.525240 0.338129 0.853365 0.071942
0 0.596154 0.342926 0.711538 0.067146
5 0.536058 0.669065 0.836538 0.091127
5 0.487981 0.754197 0.951923 0.093525
5 0.549279 0.839329 0.824519 0.091127
5 0.497596 0.925659 0.927885 0.095923
