0 0.565749 0.111361 0.831804 0.083240
0 0.568425 0.256468 0.832569 0.083240
0 0.569954 0.400450 0.835627 0.083240
0 0.566514 0.624859 0.836391 0.086614
2 0.210627 0.765467 0.029817 0.041620
2 0.302370 0.766029 0.026758 0.044994
0 0.566514 0.883577 0.787462 0.127109
5 0.497706 0.113048 0.977064 0.093363
5 0.500000 0.258155 0.980122 0.093363
5 0.531728 0.399325 0.922783 0.092238
5 0.537462 0.624297 0.911315 0.096738
5 0.506881 0.882452 0.917431 0.140607
4 0.233945 0.764342 0.087156 0.048369
4 0.340214 0.765467 0.107034 0.055118
