0 0.415663 0.087071 0.257831 0.068602
0 0.419277 0.180739 0.255422 0.065963
0 0.416867 0.275726 0.260241 0.060686
0 0.415663 0.368074 0.257831 0.060686
0 0.415663 0.461741 0.257831 0.063325
0 0.416867 0.554090 0.260241 0.063325
0 0.415663 0.649077 0.257831 0.068602
0 0.798795 0.143799 0.257831 0.065963
0 0.797590 0.233509 0.255422 0.065963
0 0.797590 0.405013 0.260241 0.065963
0 0.797590 0.493404 0.260241 0.063325
0 0.798795 0.664908 0.257831 0.063325
0 0.800000 0.753298 0.260241 0.065963
0 0.800000 0.841689 0.260241 0.073879
