0 0.574519 0.449868 0.557692 0.060686
0 0.492788 0.523747 0.394231 0.055409
0 0.575721 0.602902 0.560096 0.065963
0 0.574519 0.678100 0.562500 0.058047
0 0.485577 0.762533 0.379808 0.047493
0 0.487981 0.829815 0.379808 0.044855
0 0.483173 0.905013 0.379808 0.047493
0 0.486779 0.973615 0.387019 0.042216
5 0.524038 0.452507 0.682692 0.065963
5 0.432692 0.525066 0.528846 0.063325
5 0.530048 0.602902 0.661058 0.076517
5 0.502404 0.679420 0.711538 0.065963
5 0.437500 0.762533 0.485577 0.058047
5 0.449519 0.831135 0.466346 0.052770
5 0.437500 0.903694 0.480769 0.055409
5 0.443510 0.974934 0.478365 0.050132
