0 0.272853 0.187692 0.434903 0.080000
0 0.272853 0.327692 0.440443 0.076923
0 0.274238 0.470769 0.443213 0.080000
2 0.083102 0.769231 0.044321 0.055385
2 0.085873 0.833846 0.049861 0.049231
2 0.085873 0.895385 0.044321 0.055385
2 0.085873 0.960000 0.044321 0.049231
5 0.274238 0.166154 0.443213 0.141538
5 0.274238 0.303077 0.448753 0.126154
5 0.275623 0.446154 0.451524 0.135385
4 0.166205 0.766154 0.227147 0.061538
4 0.191136 0.832308 0.271468 0.058462
4 0.315789 0.893846 0.515235 0.064615
4 0.152355 0.958462 0.193906 0.058462
