0 0.550602 0.195341 0.686747 0.103943
0 0.551807 0.329749 0.684337 0.100358
0 0.368675 0.598566 0.322892 0.107527
0 0.736145 0.600358 0.320482 0.103943
3 0.325301 0.465950 0.212048 0.100358
3 0.087952 0.922939 0.113253 0.103943
3 0.225301 0.732975 0.026506 0.046595
3 0.386747 0.732975 0.026506 0.046595
3 0.581928 0.731183 0.031325 0.043011
5 0.467470 0.195341 0.862651 0.111111
5 0.496386 0.329749 0.809639 0.107527
5 0.321687 0.596774 0.426506 0.118280
4 0.279518 0.729391 0.149398 0.060932
4 0.460241 0.732975 0.183133 0.060932
4 0.640964 0.732975 0.163855 0.060932
