0 0.647837 0.169471 0.593750 0.055288
0 0.645433 0.229567 0.593750 0.055288
0 0.646635 0.290865 0.591346 0.052885
0 0.646635 0.349760 0.596154 0.050481
0 0.646635 0.411058 0.591346 0.052885
0 0.485577 0.473558 0.269231 0.052885
0 0.486779 0.533654 0.271635 0.057692
0 0.647837 0.592548 0.593750 0.055288
0 0.646635 0.711538 0.596154 0.173077
3 0.644231 0.829327 0.586538 0.052885
3 0.644231 0.890625 0.586538 0.055288
5 0.487981 0.169471 0.918269 0.060096
5 0.483173 0.229567 0.918269 0.060096
5 0.480769 0.289663 0.918269 0.060096
5 0.480769 0.352163 0.918269 0.060096
5 0.485577 0.412260 0.918269 0.060096
5 0.485577 0.594952 0.918269 0.060096
5 0.323317 0.473558 0.603365 0.057692
5 0.320913 0.532452 0.598558 0.050481
5 0.481971 0.711538 0.930288 0.173077
