0 0.637931 0.086402 0.527586 0.116147
0 0.637069 0.277620 0.529310 0.113314
0 0.637069 0.463173 0.522414 0.104816
0 0.637931 0.652975 0.527586 0.110482
0 0.426724 0.944759 0.105172 0.070822
0 0.551724 0.943343 0.137931 0.067989
0 0.681034 0.943343 0.110345 0.067989
1 0.400862 0.814448 0.036207 0.059490
1 0.535345 0.813031 0.029310 0.056657
4 0.461207 0.084986 0.894828 0.135977
4 0.464655 0.651558 0.894828 0.135977
4 0.457759 0.461756 0.894828 0.135977
4 0.459483 0.280453 0.894828 0.135977
3 0.441379 0.813031 0.144828 0.090652
3 0.612931 0.814448 0.181034 0.082153
