0 0.189157 0.296923 0.334940 0.076923
0 0.130120 0.424615 0.212048 0.073846
0 0.622892 0.330769 0.315663 0.070769
0 0.567470 0.458462 0.219277 0.067692
0 0.619277 0.589231 0.318072 0.070769
0 0.643373 0.721538 0.371084 0.076923
0 0.895181 0.586154 0.084337 0.070769
0 0.186747 0.693846 0.330120 0.070769
2 0.102410 0.516923 0.161446 0.073846
2 0.138554 0.784615 0.233735 0.073846
4 0.195181 0.280000 0.356627 0.129231
4 0.130120 0.407692 0.221687 0.126154
4 0.190361 0.676923 0.346988 0.116923
4 0.626506 0.312308 0.327711 0.120000
4 0.584337 0.441538 0.262651 0.113846
4 0.619277 0.570769 0.327711 0.113846
4 0.644578 0.706154 0.383133 0.120000
