0 0.611940 0.169737 0.582090 0.050000
0 0.610075 0.256579 0.585821 0.050000
0 0.610075 0.421053 0.585821 0.205263
0 0.613806 0.582895 0.585821 0.050000
0 0.610075 0.917105 0.585821 0.050000
0 0.606343 0.831579 0.585821 0.047368
0 0.621269 0.672368 0.600746 0.039474
0 0.623134 0.751316 0.597015 0.039474
5 0.473881 0.169737 0.873134 0.055263
5 0.475746 0.257895 0.869403 0.057895
5 0.473881 0.422368 0.873134 0.213158
5 0.481343 0.582895 0.865672 0.060526
5 0.490672 0.671053 0.869403 0.047368
5 0.485075 0.752632 0.880597 0.047368
5 0.472015 0.832895 0.861940 0.055263
5 0.479478 0.917105 0.869403 0.060526
