0 0.082294 0.585337 0.104738 0.040865
0 0.157107 0.105769 0.254364 0.048077
0 0.436409 0.104567 0.254364 0.045673
0 0.158354 0.217548 0.256858 0.050481
0 0.432668 0.218750 0.251870 0.048077
0 0.157107 0.331731 0.249377 0.048077
0 0.437656 0.332933 0.251870 0.050481
0 0.492519 0.472356 0.920200 0.103365
6 0.042394 0.628606 0.029925 0.026442
6 0.043641 0.676683 0.022444 0.021635
6 0.046135 0.722356 0.027431 0.021635
6 0.043641 0.903846 0.027431 0.028846
6 0.041147 0.966346 0.022444 0.024038
4 0.155860 0.092548 0.266833 0.084135
4 0.436409 0.090144 0.264339 0.084135
4 0.157107 0.204327 0.264339 0.081731
4 0.433915 0.204327 0.254364 0.081731
4 0.158354 0.318510 0.256858 0.084135
4 0.436409 0.317308 0.259352 0.086538
4 0.492519 0.457933 0.925187 0.137019
7 0.094763 0.628606 0.149626 0.031250
7 0.098504 0.677885 0.142145 0.024038
7 0.113466 0.724760 0.172070 0.031250
7 0.092269 0.903846 0.139651 0.028846
7 0.100998 0.974760 0.157107 0.045673
