0 0.532609 0.358839 0.369565 0.047493
0 0.528986 0.427441 0.369565 0.047493
2 0.365942 0.497361 0.036232 0.029024
2 0.559783 0.498681 0.039855 0.031662
0 0.528986 0.564644 0.376812 0.047493
0 0.576087 0.712401 0.471014 0.179420
7 0.364130 0.866755 0.039855 0.029024
5 0.483696 0.358839 0.481884 0.052770
5 0.481884 0.427441 0.471014 0.052770
5 0.445652 0.564644 0.550725 0.052770
5 0.514493 0.712401 0.608696 0.184697
4 0.431159 0.497361 0.181159 0.039578
4 0.621377 0.497361 0.177536 0.039578
8 0.572464 0.865435 0.463768 0.036939
