0 0.628606 0.055288 0.454327 0.062500
0 0.627404 0.135817 0.461538 0.055288
0 0.627404 0.216346 0.456731 0.057692
0 0.626202 0.299279 0.459135 0.060096
0 0.628606 0.379808 0.463942 0.057692
0 0.629808 0.463942 0.461538 0.062500
0 0.479567 0.542067 0.156250 0.055288
0 0.631010 0.621394 0.459135 0.060096
0 0.629808 0.706731 0.456731 0.062500
0 0.629808 0.786058 0.466346 0.062500
2 0.424279 0.965144 0.040865 0.045673
2 0.733173 0.963942 0.038462 0.043269
5 0.532452 0.055288 0.661058 0.067308
5 0.538462 0.134615 0.649038 0.062500
5 0.510817 0.215144 0.694712 0.064904
5 0.485577 0.299279 0.754808 0.064904
5 0.475962 0.379808 0.774038 0.067308
5 0.593750 0.465144 0.538462 0.069712
5 0.430288 0.542067 0.264423 0.060096
5 0.549279 0.621394 0.627404 0.064904
5 0.495192 0.706731 0.745192 0.072115
5 0.573317 0.787260 0.584135 0.069712
4 0.522837 0.962740 0.242788 0.055288
4 0.832933 0.962740 0.247596 0.055288
