0 0.652125 0.111919 0.561521 0.078488
0 0.652125 0.247093 0.561521 0.081395
0 0.544743 0.385174 0.342282 0.072674
0 0.478747 0.520349 0.210291 0.075581
2 0.627517 0.515988 0.024609 0.043605
2 0.809843 0.513081 0.026846 0.037791
0 0.423937 0.649709 0.100671 0.072674
0 0.609620 0.649709 0.091723 0.072674
0 0.428412 0.780523 0.114094 0.084302
0 0.649888 0.917151 0.557047 0.084302
5 0.550336 0.113372 0.774049 0.093023
5 0.561521 0.251453 0.751678 0.090116
5 0.463087 0.383721 0.514541 0.081395
5 0.400447 0.518895 0.380313 0.090116
5 0.304251 0.648256 0.344519 0.075581
5 0.319911 0.777616 0.331096 0.090116
5 0.469799 0.918605 0.930649 0.087209
4 0.695749 0.514535 0.170022 0.058140
4 0.892617 0.514535 0.201342 0.052326
