0 0.246767 0.351515 0.463362 0.103030
0 0.750000 0.350000 0.465517 0.100000
0 0.245690 0.539394 0.461207 0.096970
0 0.750000 0.539394 0.461207 0.096970
0 0.121767 0.730303 0.209052 0.096970
0 0.371767 0.728788 0.209052 0.100000
0 0.623922 0.727273 0.209052 0.096970
0 0.876078 0.727273 0.209052 0.096970
3 0.500000 0.910606 0.965517 0.124242
5 0.247845 0.328788 0.474138 0.154545
5 0.753233 0.327273 0.476293 0.157576
5 0.244612 0.516667 0.471983 0.154545
5 0.752155 0.518182 0.474138 0.157576
5 0.122845 0.704545 0.215517 0.160606
5 0.372845 0.703030 0.219828 0.157576
5 0.622845 0.706061 0.219828 0.151515
5 0.876078 0.703030 0.221983 0.151515
