0 0.344578 0.189974 0.289157 0.042216
0 0.837349 0.188654 0.281928 0.039578
0 0.343373 0.241425 0.286747 0.044855
0 0.837349 0.242744 0.281928 0.042216
0 0.344578 0.295515 0.284337 0.042216
0 0.837349 0.295515 0.286747 0.042216
0 0.345783 0.348285 0.286747 0.042216
0 0.837349 0.349604 0.286747 0.044855
0 0.469880 0.402375 0.062651 0.044855
0 0.469880 0.455145 0.062651 0.044855
0 0.471084 0.507916 0.065060 0.044855
0 0.469880 0.563325 0.062651 0.044855
0 0.471084 0.613456 0.069880 0.044855
0 0.961446 0.401055 0.062651 0.042216
0 0.962651 0.453826 0.060241 0.042216
0 0.961446 0.510554 0.067470 0.044855
0 0.961446 0.563325 0.067470 0.044855
0 0.961446 0.613456 0.067470 0.044855
1 0.521687 0.940633 0.151807 0.039578
