0 0.605967 0.073350 0.458848 0.102689
0 0.640947 0.482885 0.524691 0.095355
0 0.599794 0.687042 0.446502 0.092910
0 0.898148 0.688264 0.166667 0.095355
0 0.679012 0.852078 0.600823 0.183374
6 0.433128 0.270171 0.051440 0.070905
0 0.720165 0.275061 0.526749 0.095355
6 0.938272 0.479218 0.037037 0.053790
4 0.474280 0.073350 0.730453 0.112469
7 0.237654 0.271394 0.446502 0.078240
4 0.466049 0.481663 0.878601 0.102689
4 0.439300 0.685819 0.755144 0.105134
4 0.589506 0.853301 0.788066 0.195599
