0 0.622081 0.105985 0.730361 0.092269
0 0.623142 0.229426 0.728238 0.094763
0 0.621019 0.351621 0.728238 0.089776
0 0.394904 0.477556 0.267516 0.097257
0 0.656051 0.473815 0.135881 0.094763
0 0.884289 0.473815 0.205945 0.094763
1 0.276008 0.577307 0.029724 0.042394
1 0.388535 0.578554 0.038217 0.039900
0 0.626327 0.699501 0.730361 0.087282
0 0.619958 0.821696 0.726115 0.102244
0 0.625265 0.945137 0.728238 0.089776
4 0.523355 0.105985 0.940552 0.102244
4 0.522293 0.229426 0.942675 0.104738
4 0.503185 0.351621 0.972399 0.099751
4 0.282378 0.473815 0.501062 0.099751
4 0.543524 0.699501 0.900212 0.097257
4 0.552017 0.820449 0.874735 0.109726
4 0.547771 0.945137 0.891720 0.104738
3 0.307856 0.577307 0.110403 0.052369
3 0.436306 0.577307 0.142251 0.052369
