1 0.317172 0.052311 0.028283 0.041363
1 0.424242 0.053528 0.036364 0.038929
0 0.650505 0.171533 0.694949 0.085158
0 0.644444 0.290754 0.690909 0.099757
0 0.649495 0.411192 0.692929 0.087591
0 0.645455 0.527981 0.692929 0.092457
0 0.644444 0.653285 0.694949 0.094891
6 0.318182 0.766423 0.030303 0.048662
2 0.768687 0.933090 0.139394 0.090024
2 0.919192 0.935523 0.145455 0.085158
4 0.571717 0.171533 0.856566 0.094891
4 0.579798 0.289538 0.832323 0.107056
4 0.575758 0.411192 0.848485 0.102190
4 0.558586 0.529197 0.878788 0.099757
4 0.503030 0.652068 0.985859 0.107056
3 0.347475 0.052311 0.105051 0.051095
3 0.469697 0.052311 0.135354 0.051095
7 0.496970 0.766423 0.400000 0.058394
