0 0.538462 0.197889 0.375000 0.068602
0 0.538462 0.281003 0.375000 0.055409
0 0.538462 0.354881 0.370192 0.050132
0 0.543269 0.437995 0.379808 0.063325
0 0.540865 0.518470 0.379808 0.065963
0 0.537260 0.602902 0.377404 0.065963
0 0.537260 0.686016 0.377404 0.068602
0 0.538462 0.765172 0.379808 0.058047
2 0.498798 0.879947 0.247596 0.065963
4 0.433894 0.196570 0.593750 0.076517
4 0.435096 0.281003 0.591346 0.065963
4 0.389423 0.354881 0.682692 0.055409
4 0.443510 0.436675 0.593750 0.071240
4 0.442308 0.518470 0.586538 0.071240
4 0.395433 0.602902 0.665865 0.071240
4 0.451923 0.684697 0.557692 0.076517
4 0.431490 0.765172 0.608173 0.068602
