0 0.616842 0.139089 0.168421 0.047962
0 0.753684 0.190647 0.442105 0.045564
0 0.753684 0.237410 0.442105 0.047962
0 0.753684 0.287770 0.442105 0.043165
0 0.752632 0.334532 0.440000 0.050360
0 0.754737 0.380096 0.440000 0.045564
3 0.648421 0.423261 0.109474 0.045564
3 0.775789 0.422062 0.098947 0.047962
0 0.753684 0.688249 0.437895 0.047962
0 0.751579 0.735012 0.437895 0.045564
0 0.752632 0.782974 0.440000 0.045564
0 0.753684 0.828537 0.442105 0.050360
0 0.237895 0.876499 0.442105 0.050360
3 0.232632 0.960432 0.103158 0.050360
3 0.464211 0.960432 0.183158 0.045564
5 0.366316 0.140288 0.686316 0.055156
5 0.500000 0.188249 0.957895 0.050360
5 0.500000 0.236211 0.962105 0.050360
5 0.502105 0.284173 0.953684 0.055156
5 0.498947 0.335731 0.955789 0.052758
5 0.498947 0.377698 0.951579 0.050360
5 0.502105 0.685851 0.953684 0.047962
5 0.500000 0.731415 0.957895 0.052758
5 0.501053 0.781775 0.955789 0.052758
5 0.500000 0.828537 0.957895 0.055156
