0 0.276442 0.251979 0.341346 0.050132
0 0.664663 0.253298 0.343750 0.052770
0 0.276442 0.365435 0.341346 0.050132
0 0.274038 0.477573 0.346154 0.047493
0 0.274038 0.591029 0.350962 0.047493
0 0.274038 0.770449 0.346154 0.179420
2 0.147837 0.908971 0.117788 0.044855
2 0.526442 0.320580 0.091346 0.044855
4 0.275240 0.242744 0.348558 0.073879
4 0.664663 0.242744 0.353365 0.079156
4 0.275240 0.356201 0.348558 0.073879
4 0.275240 0.468338 0.353365 0.071240
4 0.274038 0.581794 0.360577 0.076517
4 0.274038 0.759894 0.350962 0.205805
