0 0.504634 0.124509 0.976313 0.152031
0 0.503605 0.254915 0.972194 0.043250
0 0.504119 0.334207 0.973223 0.044561
0 0.502575 0.412189 0.972194 0.045872
0 0.504634 0.490826 0.976313 0.045872
0 0.505664 0.623853 0.974253 0.157274
0 0.502575 0.754260 0.970134 0.045872
0 0.502575 0.834207 0.972194 0.048493
0 0.503605 0.911533 0.972194 0.045872
3 0.057158 0.967890 0.079300 0.045872
5 0.504119 0.115990 0.981462 0.176933
5 0.503605 0.247051 0.978373 0.066841
5 0.505149 0.325688 0.979403 0.066841
5 0.503605 0.404325 0.978373 0.064220
5 0.505149 0.483617 0.983522 0.065531
5 0.506694 0.617300 0.980433 0.175623
5 0.503090 0.746396 0.975283 0.069463
5 0.502060 0.826343 0.977343 0.072084
5 0.503605 0.903670 0.978373 0.069463
