0 0.560976 0.214545 0.417344 0.080000
0 0.563686 0.327273 0.417344 0.072727
0 0.565041 0.447273 0.420054 0.072727
0 0.563686 0.556364 0.417344 0.072727
0 0.560976 0.674545 0.417344 0.083636
2 0.376694 0.860000 0.043360 0.054545
2 0.375339 0.930909 0.035230 0.050909
5 0.399729 0.212727 0.750678 0.090909
5 0.399729 0.327273 0.756098 0.080000
5 0.402439 0.447273 0.756098 0.080000
5 0.401084 0.556364 0.747967 0.080000
5 0.399729 0.674545 0.750678 0.090909
4 0.399729 0.858182 0.100271 0.065455
4 0.395664 0.930909 0.086721 0.058182
