0 0.296243 0.385449 0.459538 0.058824
0 0.111272 0.510836 0.083815 0.049536
0 0.261561 0.507740 0.199422 0.049536
0 0.466763 0.510836 0.216763 0.049536
0 0.716763 0.507740 0.277457 0.049536
0 0.891618 0.509288 0.083815 0.052632
0 0.526012 0.665635 0.907514 0.055728
0 0.520231 0.753870 0.901734 0.046440
0 0.287572 0.845201 0.436416 0.043344
0 0.747110 0.839009 0.442197 0.049536
0 0.289017 0.924149 0.439306 0.046440
0 0.748555 0.922601 0.439306 0.043344
5 0.296243 0.374613 0.471098 0.092879
5 0.106936 0.498452 0.086705 0.086687
5 0.257225 0.517028 0.213873 0.080495
5 0.469653 0.518576 0.216763 0.077399
5 0.712428 0.520124 0.280347 0.074303
5 0.894509 0.518576 0.089595 0.083591
5 0.526012 0.653251 0.919075 0.086687
5 0.517341 0.766254 0.913295 0.077399
5 0.286127 0.856037 0.445087 0.071207
5 0.750000 0.857585 0.442197 0.074303
5 0.287572 0.936533 0.447977 0.077399
5 0.748555 0.939628 0.450867 0.077399
