0 0.333735 0.172289 0.556627 0.050602
0 0.332530 0.290361 0.554217 0.050602
0 0.332530 0.402410 0.554217 0.048193
0 0.342169 0.626506 0.515663 0.053012
0 0.342169 0.743373 0.515663 0.055422
1 0.113253 0.851807 0.028916 0.026506
1 0.114458 0.895181 0.026506 0.031325
1 0.112048 0.932530 0.026506 0.028916
1 0.114458 0.969880 0.026506 0.026506
4 0.332530 0.160241 0.563855 0.079518
4 0.333735 0.275904 0.566265 0.089157
4 0.332530 0.389157 0.559036 0.084337
4 0.342169 0.613253 0.525301 0.084337
4 0.342169 0.731325 0.525301 0.089157
3 0.216867 0.850602 0.245783 0.038554
3 0.209639 0.891566 0.231325 0.038554
3 0.169880 0.931325 0.156627 0.036145
3 0.165060 0.969880 0.146988 0.036145
