0 0.332530 0.072115 0.554217 0.048077
0 0.342169 0.295673 0.515663 0.052885
0 0.342169 0.412260 0.515663 0.055288
2 0.113253 0.520433 0.028916 0.026442
2 0.114458 0.563702 0.026506 0.031250
2 0.112048 0.600962 0.026506 0.028846
2 0.114458 0.638221 0.026506 0.026442
0 0.350602 0.753606 0.537349 0.050481
0 0.351807 0.913462 0.534940 0.144231
5 0.332530 0.058894 0.559036 0.084135
5 0.342169 0.282452 0.525301 0.084135
5 0.342169 0.400240 0.525301 0.088942
5 0.351807 0.741587 0.544578 0.079327
5 0.350602 0.902644 0.542169 0.175481
4 0.216867 0.519231 0.245783 0.038462
4 0.209639 0.560096 0.231325 0.038462
4 0.169880 0.599760 0.156627 0.036058
4 0.165060 0.638221 0.146988 0.036058
