0 0.199257 0.264831 0.353960 0.097458
0 0.693069 0.260593 0.356436 0.097458
0 0.200495 0.480932 0.356436 0.105932
0 0.693069 0.478814 0.356436 0.093220
0 0.144802 0.709746 0.259901 0.088983
0 0.332921 0.703390 0.086634 0.093220
0 0.559406 0.692797 0.084158 0.088983
0 0.764851 0.692797 0.089109 0.088983
3 0.690594 0.847458 0.326733 0.101695
5 0.198020 0.228814 0.361386 0.177966
5 0.691832 0.228814 0.363861 0.169492
5 0.199257 0.451271 0.363861 0.173729
5 0.693069 0.449153 0.366337 0.169492
5 0.591584 0.652542 0.158416 0.177966
5 0.782178 0.650424 0.133663 0.182203
