0 0.561298 0.308707 0.497596 0.063325
0 0.564904 0.382586 0.495192 0.063325
0 0.563702 0.452507 0.492788 0.060686
0 0.561298 0.525066 0.497596 0.063325
0 0.424279 0.596306 0.204327 0.063325
0 0.396635 0.675462 0.149038 0.063325
0 0.549279 0.674142 0.127404 0.060686
0 0.693510 0.674142 0.141827 0.060686
2 0.385817 0.770449 0.127404 0.063325
4 0.500000 0.308707 0.629808 0.068602
4 0.502404 0.382586 0.625000 0.068602
4 0.502404 0.451187 0.625000 0.068602
4 0.471154 0.526385 0.687500 0.071240
4 0.394231 0.596306 0.269231 0.068602
4 0.344952 0.676781 0.262019 0.071240
