6 0.122596 0.091346 0.028846 0.038462
6 0.122596 0.147837 0.043269 0.036058
6 0.413462 0.090144 0.033654 0.036058
6 0.414663 0.146635 0.031250 0.038462
6 0.414663 0.264423 0.036058 0.033654
6 0.120192 0.286058 0.038462 0.038462
2 0.462740 0.923077 0.709135 0.096154
7 0.189904 0.090144 0.182692 0.050481
7 0.183894 0.147837 0.185096 0.055288
7 0.180288 0.284856 0.177885 0.055288
7 0.481971 0.088942 0.180288 0.052885
7 0.480769 0.147837 0.173077 0.055288
7 0.498798 0.275240 0.218750 0.074519
