0 0.603989 0.170673 0.535613 0.067308
0 0.606838 0.246394 0.535613 0.064904
0 0.603989 0.325721 0.535613 0.064904
6 0.370370 0.395433 0.039886 0.036058
6 0.374644 0.466346 0.054131 0.033654
6 0.368946 0.533654 0.048433 0.033654
6 0.364672 0.599760 0.045584 0.036058
6 0.370370 0.669471 0.045584 0.040865
0 0.462963 0.878606 0.823362 0.237981
4 0.465812 0.167067 0.823362 0.074519
4 0.467236 0.247596 0.831909 0.076923
4 0.465812 0.325721 0.817664 0.069712
7 0.223647 0.396635 0.339031 0.048077
7 0.232194 0.467548 0.356125 0.045673
7 0.226496 0.534856 0.344729 0.040865
7 0.222222 0.600962 0.347578 0.048077
7 0.225071 0.670673 0.347578 0.052885
4 0.464387 0.856971 0.837607 0.286058
