0 0.432530 0.150602 0.368675 0.055422
0 0.431325 0.210843 0.371084 0.055422
0 0.434940 0.263855 0.368675 0.050602
0 0.484337 0.539759 0.400000 0.168675
0 0.485542 0.662651 0.373494 0.053012
0 0.469880 0.715663 0.385542 0.062651
1 0.312048 0.983133 0.040964 0.033735
4 0.385542 0.150602 0.472289 0.069880
4 0.385542 0.208434 0.472289 0.065060
4 0.389157 0.263855 0.474699 0.060241
4 0.421687 0.539759 0.534940 0.178313
4 0.414458 0.661446 0.520482 0.060241
4 0.407229 0.715663 0.515663 0.067470
