0 0.479567 0.151442 0.372596 0.052885
0 0.463942 0.204327 0.384615 0.062500
2 0.306490 0.471154 0.040865 0.033654
2 0.307692 0.515625 0.038462 0.045673
2 0.308894 0.561298 0.040865 0.040865
0 0.533654 0.645433 0.370192 0.055288
0 0.539663 0.699519 0.367788 0.052885
0 0.548077 0.753606 0.375000 0.055288
3 0.117788 0.890625 0.129808 0.060096
5 0.408654 0.150240 0.519231 0.060096
5 0.401442 0.204327 0.514423 0.067308
4 0.350962 0.472356 0.149038 0.045673
4 0.355769 0.519231 0.153846 0.052885
4 0.389423 0.563702 0.225962 0.045673
5 0.438702 0.645433 0.579327 0.064904
5 0.436298 0.700721 0.584135 0.060096
5 0.443510 0.756010 0.598558 0.060096
