0 0.256010 0.100962 0.449519 0.076923
0 0.731971 0.103365 0.449519 0.076923
0 0.256010 0.229567 0.449519 0.074519
0 0.256010 0.390625 0.454327 0.069712
0 0.256010 0.520433 0.449519 0.079327
7 0.060096 0.590144 0.048077 0.045673
0 0.359375 0.860577 0.454327 0.067308
5 0.254808 0.091346 0.461538 0.105769
5 0.734375 0.092548 0.459135 0.108173
5 0.254808 0.219952 0.461538 0.103365
5 0.256010 0.377404 0.473558 0.105769
5 0.256010 0.509615 0.463942 0.110577
8 0.340144 0.590144 0.622596 0.050481
5 0.313702 0.856971 0.560096 0.074519
