0 0.349760 0.067146 0.454327 0.067146
0 0.241587 0.394484 0.463942 0.074341
0 0.722356 0.395683 0.454327 0.071942
0 0.183894 0.525180 0.334135 0.071942
0 0.248798 0.679856 0.449519 0.074341
0 0.550481 0.681055 0.096154 0.052758
0 0.680288 0.679856 0.134615 0.055156
1 0.051683 0.779376 0.026442 0.057554
1 0.215144 0.784173 0.036058 0.028777
0 0.104567 0.922062 0.161058 0.069544
4 0.304087 0.063549 0.560096 0.074341
4 0.237981 0.383693 0.471154 0.105516
4 0.183894 0.511990 0.348558 0.103118
4 0.247596 0.670264 0.461538 0.107914
4 0.625000 0.664269 0.254808 0.095923
4 0.114183 0.908873 0.194712 0.105516
