7 0.438904 0.060669 0.060393 0.079498
0 0.700843 0.215481 0.567416 0.108787
0 0.700140 0.360879 0.566011 0.106695
7 0.438202 0.457113 0.047753 0.077406
0 0.608146 0.600418 0.252809 0.133891
0 0.702949 0.785565 0.571629 0.110879
0 0.698736 0.932008 0.568820 0.110879
8 0.249298 0.060669 0.456461 0.100418
8 0.589888 0.061715 0.373596 0.098326
5 0.504213 0.218619 0.966292 0.119247
5 0.502107 0.360879 0.967697 0.115063
5 0.577949 0.599372 0.327247 0.148536
5 0.504916 0.787657 0.973315 0.127615
5 0.503511 0.930962 0.970506 0.121339
