6 0.704327 0.344482 0.524038 0.127090
7 0.260817 0.633779 0.055288 0.056856
7 0.260817 0.747492 0.045673 0.063545
7 0.260817 0.857860 0.045673 0.056856
2 0.693510 0.645485 0.045673 0.053512
2 0.694712 0.747492 0.033654 0.056856
2 0.694712 0.846154 0.028846 0.053512
6 0.140625 0.356187 0.209135 0.096990
8 0.336538 0.633779 0.221154 0.070234
8 0.354567 0.745819 0.242788 0.073579
8 0.348558 0.857860 0.230769 0.070234
4 0.778846 0.643813 0.230769 0.070234
4 0.805288 0.747492 0.264423 0.070234
4 0.793269 0.846154 0.230769 0.060201
