2 0.455801 0.274406 0.038674 0.031662
2 0.577348 0.275726 0.033149 0.034301
0 0.509669 0.321900 0.140884 0.042216
0 0.646409 0.320580 0.127072 0.039578
0 0.772099 0.323219 0.124309 0.039578
0 0.509669 0.375989 0.151934 0.039578
0 0.542818 0.424802 0.218232 0.036939
0 0.555249 0.609499 0.254144 0.042216
0 0.555249 0.658311 0.254144 0.039578
0 0.553867 0.704485 0.251381 0.036939
0 0.555249 0.754617 0.254144 0.036939
0 0.555249 0.804749 0.248619 0.036939
3 0.501381 0.934037 0.124309 0.047493
4 0.417127 0.273087 0.127072 0.039578
4 0.493094 0.273087 0.118785 0.039578
4 0.638122 0.274406 0.149171 0.036939
5 0.432320 0.323219 0.295580 0.044855
5 0.458564 0.374670 0.265193 0.047493
5 0.475138 0.424802 0.370166 0.047493
5 0.473757 0.606860 0.422652 0.047493
5 0.480663 0.658311 0.414365 0.044855
5 0.419890 0.705805 0.524862 0.044855
5 0.446133 0.754617 0.483425 0.042216
5 0.389503 0.806069 0.596685 0.050132
0 0.555249 0.133245 0.320442 0.055409
