0 0.502041 0.106007 0.914286 0.091873
2 0.113265 0.537102 0.026531 0.049470
2 0.224490 0.538869 0.024490 0.038869
2 0.335714 0.535336 0.022449 0.038869
2 0.454082 0.537102 0.026531 0.042403
2 0.568367 0.537102 0.026531 0.049470
0 0.509184 0.713781 0.908163 0.098940
0 0.282653 0.911661 0.442857 0.098940
0 0.741837 0.913428 0.446939 0.102473
5 0.500000 0.088339 0.930612 0.155477
5 0.510204 0.692580 0.922449 0.162544
5 0.280612 0.892226 0.451020 0.159011
5 0.741837 0.893993 0.455102 0.162544
