0 0.520482 0.110312 0.525301 0.062350
0 0.518072 0.189448 0.525301 0.062350
0 0.516867 0.266187 0.527711 0.062350
0 0.518072 0.678657 0.525301 0.062350
0 0.381928 0.755396 0.248193 0.062350
0 0.650602 0.756595 0.260241 0.064748
0 0.321687 0.832134 0.137349 0.067146
2 0.418072 0.938849 0.334940 0.083933
4 0.432530 0.110312 0.710843 0.067146
4 0.433735 0.188249 0.703614 0.064748
4 0.434940 0.263789 0.706024 0.067146
4 0.427711 0.678657 0.706024 0.067146
4 0.293976 0.755396 0.428916 0.067146
4 0.236145 0.832134 0.318072 0.067146
