0 0.155131 0.182367 0.286396 0.065217
0 0.237470 0.386473 0.455847 0.067633
0 0.238663 0.557971 0.453461 0.067633
0 0.236277 0.727053 0.458234 0.072464
0 0.760143 0.730676 0.455847 0.065217
0 0.761337 0.559179 0.458234 0.070048
0 0.757757 0.388889 0.441527 0.062802
5 0.153938 0.166667 0.298329 0.111111
5 0.235084 0.369565 0.460621 0.106280
5 0.755370 0.370773 0.451074 0.108696
5 0.233890 0.541063 0.463007 0.111111
5 0.760143 0.542271 0.470167 0.113527
5 0.235084 0.711353 0.465394 0.113527
5 0.760143 0.711353 0.460621 0.108696
