0 0.345783 0.079843 0.306024 0.049738
0 0.434940 0.164921 0.306024 0.052356
0 0.406024 0.252618 0.306024 0.054974
0 0.357831 0.340314 0.301205 0.052356
0 0.322892 0.589005 0.303614 0.052356
0 0.319277 0.679319 0.306024 0.054974
0 0.319277 0.763089 0.301205 0.049738
0 0.330120 0.849476 0.303614 0.049738
2 0.063855 0.935864 0.060241 0.044503
4 0.304819 0.079843 0.402410 0.060209
4 0.348193 0.164921 0.484337 0.062827
4 0.332530 0.252618 0.457831 0.060209
4 0.309639 0.340314 0.407229 0.062827
4 0.292771 0.589005 0.373494 0.057592
4 0.292771 0.680628 0.368675 0.062827
4 0.289157 0.763089 0.366265 0.060209
4 0.293976 0.850785 0.380723 0.057592
