0 0.558355 0.137883 0.283820 0.047354
0 0.561008 0.210306 0.283820 0.047354
0 0.558355 0.281337 0.283820 0.044568
0 0.559682 0.357939 0.291777 0.047354
3 0.775862 0.356546 0.140584 0.050139
2 0.444297 0.433148 0.029178 0.030641
2 0.543767 0.431755 0.026525 0.027855
0 0.591512 0.506964 0.339523 0.044568
7 0.442971 0.576602 0.031830 0.033426
7 0.568966 0.576602 0.029178 0.033426
0 0.631300 0.747911 0.429708 0.236769
3 0.481432 0.920613 0.119363 0.041783
5 0.518568 0.137883 0.363395 0.052925
5 0.497347 0.210306 0.416446 0.058496
5 0.445623 0.282730 0.514589 0.052925
5 0.437666 0.357939 0.546419 0.058496
4 0.472149 0.431755 0.095491 0.038997
4 0.588859 0.433148 0.122016 0.036212
8 0.482759 0.576602 0.122016 0.038997
8 0.618037 0.576602 0.132626 0.038997
5 0.580902 0.747911 0.541114 0.242340
8 0.392573 0.577994 0.137931 0.041783
4 0.391247 0.433148 0.145889 0.036212
