0 0.642857 0.132282 0.686183 0.089806
0 0.640515 0.800971 0.686183 0.092233
0 0.644028 0.577670 0.679157 0.092233
0 0.642857 0.467233 0.681499 0.089806
0 0.644028 0.353155 0.688525 0.089806
0 0.641686 0.242718 0.688525 0.087379
0 0.544496 0.686893 0.484778 0.092233
2 0.407494 0.912621 0.210773 0.087379
2 0.884075 0.690534 0.217799 0.094660
4 0.503513 0.132282 0.974239 0.094660
4 0.505855 0.242718 0.964871 0.097087
4 0.508197 0.351942 0.969555 0.097087
4 0.508197 0.466019 0.964871 0.097087
4 0.507026 0.578883 0.967213 0.099515
4 0.401639 0.689320 0.751756 0.101942
4 0.508197 0.800971 0.960187 0.101942
