0 0.512019 0.058894 0.855769 0.098558
0 0.512019 0.173077 0.855769 0.096154
0 0.254808 0.325721 0.341346 0.098558
0 0.633413 0.325721 0.338942 0.098558
1 0.252404 0.420673 0.048077 0.048077
1 0.439904 0.420673 0.052885 0.048077
6 0.111779 0.551683 0.055288 0.060096
2 0.728365 0.576923 0.418269 0.105769
2 0.508413 0.902644 0.420673 0.074519
3 0.183894 0.419471 0.199519 0.064904
3 0.293269 0.419471 0.153846 0.064904
3 0.498798 0.420673 0.185096 0.062500
7 0.287260 0.554087 0.420673 0.084135
