0 0.527644 0.218750 0.853365 0.096154
0 0.528846 0.332933 0.855769 0.098558
0 0.528846 0.447115 0.855769 0.096154
0 0.271635 0.599760 0.341346 0.098558
0 0.650240 0.599760 0.338942 0.098558
1 0.269231 0.694712 0.048077 0.048077
1 0.456731 0.694712 0.052885 0.048077
6 0.128606 0.825721 0.055288 0.060096
2 0.745192 0.850962 0.418269 0.105769
3 0.200721 0.693510 0.199519 0.064904
3 0.310096 0.693510 0.153846 0.064904
3 0.515625 0.694712 0.185096 0.062500
7 0.304087 0.828125 0.420673 0.084135
