0 0.790636 0.076655 0.393993 0.083624
0 0.790636 0.228223 0.386926 0.087108
0 0.788869 0.379791 0.390459 0.083624
0 0.791519 0.937282 0.388693 0.076655
0 0.699647 0.529617 0.201413 0.076655
2 0.630742 0.689895 0.028269 0.062718
2 0.631625 0.773519 0.026502 0.062718
5 0.496466 0.076655 0.985866 0.097561
5 0.498233 0.226481 0.982332 0.097561
5 0.496466 0.376307 0.978799 0.097561
5 0.406360 0.529617 0.795053 0.090592
4 0.667845 0.689895 0.116608 0.076655
4 0.683746 0.771777 0.141343 0.073171
5 0.497350 0.935540 0.980565 0.087108
