2 0.333333 0.129288 0.032051 0.031662
2 0.440705 0.130607 0.035256 0.029024
2 0.573718 0.131926 0.038462 0.031662
7 0.331731 0.443272 0.035256 0.031662
7 0.482372 0.444591 0.035256 0.029024
7 0.331731 0.477573 0.035256 0.031662
7 0.527244 0.478892 0.041667 0.034301
0 0.543269 0.199208 0.464744 0.044855
0 0.543269 0.244063 0.464744 0.044855
0 0.544872 0.290237 0.467949 0.042216
0 0.541667 0.337731 0.467949 0.047493
0 0.407051 0.381266 0.192308 0.044855
3 0.301282 0.937995 0.192308 0.055409
3 0.567308 0.939314 0.314103 0.058047
0 0.472756 0.746702 0.855769 0.221636
4 0.347756 0.130607 0.073718 0.039578
4 0.464744 0.130607 0.096154 0.039578
4 0.600962 0.131926 0.105769 0.042216
5 0.408654 0.200528 0.740385 0.052770
5 0.411859 0.245383 0.740385 0.052770
5 0.413462 0.290237 0.737179 0.047493
5 0.413462 0.337731 0.737179 0.052770
5 0.277244 0.382586 0.471154 0.047493
8 0.370192 0.443272 0.125000 0.036939
8 0.389423 0.478892 0.163462 0.039578
8 0.533654 0.443272 0.144231 0.036939
8 0.578526 0.478892 0.150641 0.039578
