0 0.627778 0.205805 0.466667 0.058047
0 0.625000 0.274406 0.466667 0.058047
0 0.625000 0.346966 0.472222 0.055409
0 0.625000 0.416887 0.466667 0.058047
0 0.625000 0.488127 0.466667 0.058047
0 0.625000 0.556728 0.466667 0.058047
0 0.623611 0.696570 0.469444 0.058047
1 0.418056 0.625330 0.030556 0.031662
1 0.525000 0.624011 0.033333 0.034301
1 0.656944 0.624011 0.030556 0.029024
2 0.458333 0.937995 0.105556 0.050132
2 0.644444 0.935356 0.083333 0.044855
0 0.627778 0.812665 0.472222 0.147757
4 0.491667 0.204485 0.750000 0.065963
4 0.488889 0.274406 0.750000 0.063325
4 0.490278 0.346966 0.752778 0.065963
4 0.488889 0.415567 0.750000 0.065963
4 0.488889 0.488127 0.750000 0.063325
4 0.490278 0.558047 0.747222 0.065963
3 0.444444 0.624011 0.094444 0.044855
3 0.565278 0.624011 0.125000 0.044855
3 0.695833 0.625330 0.113889 0.042216
4 0.490278 0.696570 0.747222 0.063325
