1 0.377483 0.042700 0.728477 0.063361
1 0.377483 0.108815 0.728477 0.063361
1 0.377483 0.174931 0.728477 0.063361
1 0.377483 0.238292 0.728477 0.063361
1 0.377483 0.301653 0.728477 0.063361
1 0.377483 0.367769 0.728477 0.063361
1 0.377483 0.431129 0.728477 0.063361
1 0.384106 0.497245 0.728477 0.063361
1 0.384106 0.560606 0.728477 0.063361
1 0.384106 0.626722 0.728477 0.063361
1 0.377483 0.692837 0.728477 0.063361
1 0.377483 0.756198 0.728477 0.063361
1 0.377483 0.819559 0.728477 0.063361
1 0.377483 0.885675 0.728477 0.063361
1 0.377483 0.951791 0.728477 0.063361
