0 0.481971 0.039663 0.348558 0.069712
0 0.483173 0.137019 0.350962 0.067308
0 0.772837 0.137019 0.132212 0.067308
0 0.455529 0.235577 0.295673 0.072115
0 0.796875 0.236779 0.237981 0.074519
0 0.485577 0.334135 0.355769 0.067308
0 0.578125 0.432692 0.536058 0.067308
0 0.585337 0.597356 0.555288 0.209135
7 0.318510 0.752404 0.045673 0.038462
3 0.504808 0.906250 0.197115 0.067308
5 0.448317 0.038462 0.425481 0.076923
5 0.417067 0.138221 0.492788 0.079327
5 0.756010 0.138221 0.175481 0.074519
5 0.507212 0.139423 0.413462 0.076923
5 0.397837 0.236779 0.430288 0.074519
5 0.760817 0.237981 0.319712 0.086538
5 0.408654 0.334135 0.528846 0.076923
5 0.512019 0.432692 0.677885 0.076923
5 0.485577 0.596154 0.769231 0.221154
8 0.507212 0.754808 0.442308 0.048077
