0 0.309524 0.083113 0.298701 0.029024
0 0.746753 0.084433 0.298701 0.036939
0 0.461039 0.154354 0.541126 0.034301
0 0.458874 0.195251 0.536797 0.031662
0 0.454545 0.240106 0.545455 0.031662
0 0.341991 0.311346 0.536797 0.031662
0 0.456710 0.372032 0.532468 0.031662
0 0.298701 0.418206 0.207792 0.029024
0 0.530303 0.562005 0.679654 0.142480
0 0.456710 0.660950 0.532468 0.034301
0 0.458874 0.705805 0.536797 0.034301
0 0.456710 0.748021 0.541126 0.034301
0 0.458874 0.835092 0.536797 0.034301
0 0.454545 0.877309 0.536797 0.029024
0 0.456710 0.922164 0.532468 0.034301
1 0.504329 0.968338 0.333333 0.031662
