0 0.630120 0.066106 0.657831 0.050481
0 0.631325 0.122596 0.655422 0.048077
0 0.625301 0.180288 0.662651 0.043269
0 0.506024 0.239183 0.419277 0.040865
0 0.845783 0.235577 0.255422 0.048077
0 0.398795 0.295673 0.200000 0.052885
1 0.320482 0.391827 0.048193 0.033654
1 0.726506 0.390625 0.036145 0.036058
0 0.506024 0.492788 0.419277 0.043269
0 0.537349 0.543269 0.477108 0.048077
2 0.846988 0.546875 0.142169 0.050481
0 0.375904 0.605769 0.149398 0.052885
0 0.591566 0.713942 0.585542 0.153846
0 0.589157 0.878606 0.575904 0.151442
4 0.496386 0.066106 0.939759 0.060096
4 0.493976 0.120192 0.934940 0.057692
4 0.493976 0.176683 0.934940 0.055288
4 0.374699 0.236779 0.696386 0.055288
4 0.265060 0.298077 0.472289 0.057692
3 0.496386 0.393029 0.414458 0.045673
3 0.366265 0.492788 0.708434 0.052885
3 0.397590 0.544471 0.751807 0.055288
3 0.236145 0.605769 0.428916 0.057692
3 0.457831 0.715144 0.857831 0.161058
3 0.450602 0.878606 0.857831 0.161058
