1 0.317308 0.096154 0.048077 0.033654
1 0.722356 0.094952 0.036058 0.036058
0 0.502404 0.197115 0.418269 0.043269
0 0.533654 0.247596 0.475962 0.048077
2 0.842548 0.251202 0.141827 0.050481
0 0.372596 0.310096 0.149038 0.052885
0 0.587740 0.418269 0.584135 0.153846
0 0.585337 0.582933 0.574519 0.151442
0 0.588942 0.742788 0.586538 0.153846
0 0.532452 0.849760 0.473558 0.045673
2 0.841346 0.853365 0.144231 0.052885
0 0.442308 0.905048 0.298077 0.045673
0 0.503606 0.966346 0.425481 0.043269
3 0.492788 0.097356 0.413462 0.045673
3 0.362981 0.197115 0.706731 0.052885
3 0.394231 0.248798 0.750000 0.055288
3 0.233173 0.310096 0.427885 0.057692
3 0.454327 0.419471 0.855769 0.161058
3 0.447115 0.582933 0.855769 0.161058
3 0.451923 0.745192 0.860577 0.158654
3 0.395433 0.846154 0.752404 0.048077
3 0.308894 0.906250 0.569712 0.057692
3 0.372596 0.966346 0.697115 0.052885
