6 0.498387 0.141210 0.874194 0.063401
6 0.267742 0.275216 0.419355 0.077810
6 0.722581 0.273775 0.419355 0.080692
6 0.500000 0.416427 0.864516 0.060519
6 0.270968 0.554755 0.412903 0.060519
6 0.727419 0.554755 0.409677 0.060519
2 0.090323 0.659942 0.045161 0.046110
2 0.340323 0.658501 0.048387 0.043228
7 0.241935 0.763689 0.038710 0.040346
3 0.501613 0.873199 0.867742 0.092219
4 0.148387 0.658501 0.180645 0.060519
4 0.380645 0.659942 0.154839 0.057637
8 0.491935 0.765130 0.558065 0.054755
9 0.267742 0.257925 0.425806 0.123919
9 0.722581 0.255043 0.425806 0.123919
