0 0.546875 0.154354 0.380208 0.065963
0 0.546875 0.707124 0.385417 0.068602
0 0.548177 0.596306 0.382812 0.068602
0 0.549479 0.485488 0.385417 0.068602
0 0.546875 0.375989 0.380208 0.065963
0 0.546875 0.266491 0.380208 0.068602
1 0.380208 0.806069 0.026042 0.023747
1 0.480469 0.806069 0.023438 0.023747
2 0.535156 0.911609 0.179688 0.065963
6 0.085938 0.907652 0.026042 0.031662
4 0.408854 0.154354 0.671875 0.076517
4 0.408854 0.265172 0.671875 0.076517
4 0.403646 0.373351 0.671875 0.076517
4 0.408854 0.484169 0.671875 0.076517
4 0.408854 0.594987 0.671875 0.076517
4 0.408854 0.705805 0.671875 0.076517
3 0.408854 0.804749 0.098958 0.031662
3 0.523438 0.806069 0.114583 0.034301
7 0.247396 0.906332 0.359375 0.039578
