0 0.488636 0.074209 0.813636 0.075426
0 0.490909 0.209246 0.809091 0.072993
0 0.488636 0.462287 0.813636 0.077859
0 0.486364 0.596107 0.809091 0.072993
0 0.484091 0.729927 0.813636 0.072993
0 0.490909 0.863747 0.809091 0.072993
2 0.240909 0.951338 0.309091 0.077859
4 0.490909 0.058394 0.836364 0.111922
4 0.493182 0.192214 0.822727 0.111922
4 0.490909 0.446472 0.836364 0.114355
4 0.488636 0.579075 0.822727 0.111922
4 0.484091 0.711679 0.831818 0.114355
4 0.488636 0.844282 0.822727 0.116788
