0 0.479885 0.074713 0.833333 0.048276
0 0.479885 0.170115 0.833333 0.050575
0 0.479885 0.388506 0.833333 0.050575
0 0.484195 0.456322 0.836207 0.048276
0 0.479885 0.552874 0.833333 0.052874
0 0.372126 0.647126 0.623563 0.048276
0 0.558908 0.759770 0.341954 0.048276
0 0.201149 0.758621 0.275862 0.050575
2 0.199713 0.948276 0.221264 0.075862
4 0.482759 0.062069 0.850575 0.087356
4 0.477011 0.159770 0.844828 0.080460
4 0.479885 0.378161 0.844828 0.080460
4 0.475575 0.540230 0.847701 0.082759
4 0.370690 0.635632 0.632184 0.080460
4 0.198276 0.748276 0.281609 0.080460
4 0.553161 0.749425 0.353448 0.082759
