0 0.530792 0.180739 0.346041 0.050132
0 0.529326 0.241425 0.343109 0.044855
0 0.527859 0.299472 0.346041 0.050132
0 0.529326 0.360158 0.343109 0.050132
0 0.527859 0.419525 0.346041 0.047493
2 0.376833 0.507916 0.032258 0.029024
2 0.526393 0.510554 0.038123 0.029024
7 0.263930 0.598945 0.035191 0.031662
7 0.516129 0.597625 0.029326 0.029024
0 0.256598 0.763852 0.090909 0.044855
0 0.486804 0.763852 0.093842 0.044855
0 0.706745 0.763852 0.129032 0.044855
3 0.563050 0.843008 0.134897 0.044855
3 0.554252 0.926121 0.111437 0.042216
5 0.448680 0.180739 0.510264 0.055409
5 0.448680 0.238786 0.510264 0.055409
5 0.448680 0.296834 0.510264 0.055409
5 0.447214 0.360158 0.513196 0.055409
5 0.448680 0.420844 0.510264 0.055409
4 0.417889 0.509235 0.126100 0.036939
4 0.321114 0.507916 0.143695 0.034301
4 0.574780 0.509235 0.146628 0.036939
8 0.363636 0.598945 0.252199 0.036939
8 0.659824 0.597625 0.334311 0.039578
8 0.184751 0.598945 0.205279 0.042216
5 0.218475 0.763852 0.184751 0.050132
5 0.428152 0.763852 0.217009 0.050132
5 0.662757 0.765172 0.234604 0.052770
5 0.453079 0.843008 0.366569 0.050132
5 0.448680 0.926121 0.334311 0.052770
