0 0.636923 0.765172 0.584615 0.047493
0 0.636923 0.672823 0.578462 0.047493
0 0.636923 0.592348 0.578462 0.055409
0 0.632308 0.503958 0.587692 0.052770
0 0.635385 0.172823 0.581538 0.050132
0 0.638462 0.093668 0.581538 0.055409
0 0.626154 0.923483 0.575385 0.052770
0 0.435385 0.253298 0.156923 0.052770
0 0.615385 0.254617 0.166154 0.050132
0 0.807692 0.253298 0.163077 0.052770
0 0.620000 0.333773 0.538462 0.044855
4 0.558462 0.092348 0.753846 0.063325
4 0.558462 0.172823 0.741538 0.060686
4 0.343077 0.251979 0.353846 0.060686
4 0.564615 0.331135 0.661538 0.055409
4 0.595385 0.502639 0.680000 0.060686
4 0.541538 0.592348 0.781538 0.065963
4 0.563077 0.671504 0.738462 0.055409
4 0.512308 0.765172 0.846154 0.058047
0 0.666154 0.846966 0.643077 0.042216
4 0.549231 0.848285 0.895385 0.050132
4 0.513846 0.923483 0.818462 0.058047
