0 0.609639 0.130282 0.385542 0.070423
0 0.609639 0.220070 0.390361 0.066901
0 0.608434 0.318662 0.392771 0.066901
0 0.608434 0.410211 0.387952 0.066901
0 0.608434 0.505282 0.392771 0.066901
0 0.608434 0.595070 0.392771 0.063380
2 0.433735 0.693662 0.028916 0.049296
2 0.595181 0.693662 0.028916 0.049296
7 0.434940 0.774648 0.036145 0.056338
3 0.525301 0.866197 0.221687 0.077465
5 0.555422 0.126761 0.503614 0.084507
5 0.574699 0.220070 0.465060 0.080986
5 0.501205 0.318662 0.621687 0.080986
5 0.520482 0.410211 0.578313 0.080986
5 0.436145 0.505282 0.742169 0.073944
5 0.509639 0.595070 0.600000 0.077465
4 0.486747 0.691901 0.149398 0.059859
4 0.649398 0.693662 0.151807 0.056338
8 0.701205 0.774648 0.583133 0.070423
