0 0.417445 0.069106 0.267913 0.097561
0 0.763240 0.069106 0.411215 0.097561
0 0.342679 0.294715 0.124611 0.093496
0 0.500000 0.298780 0.115265 0.093496
0 0.677570 0.298780 0.158879 0.101626
0 0.353583 0.526423 0.133956 0.101626
0 0.531153 0.524390 0.140187 0.105691
0 0.728972 0.524390 0.161994 0.097561
0 0.500000 0.754065 0.433022 0.101626
0 0.495327 0.926829 0.442368 0.097561
4 0.336449 0.069106 0.423676 0.105691
4 0.761682 0.091463 0.420561 0.150407
4 0.280374 0.292683 0.255452 0.105691
4 0.412773 0.087398 0.264798 0.150407
4 0.339564 0.315041 0.130841 0.150407
4 0.498442 0.317073 0.130841 0.146341
4 0.677570 0.315041 0.177570 0.142276
4 0.274143 0.526423 0.305296 0.117886
4 0.352025 0.540650 0.155763 0.146341
4 0.529595 0.542683 0.155763 0.150407
4 0.728972 0.542683 0.174455 0.142276
4 0.394081 0.754065 0.651090 0.117886
4 0.428349 0.926829 0.588785 0.113821
