0 0.161228 0.095908 0.272553 0.094629
0 0.642035 0.098465 0.650672 0.094629
0 0.254319 0.264706 0.470250 0.089514
0 0.736084 0.265985 0.470250 0.097187
0 0.494242 0.429668 0.950096 0.097187
0 0.494242 0.594629 0.950096 0.099744
0 0.159309 0.759591 0.276392 0.097187
0 0.641075 0.762148 0.664107 0.097187
0 0.494242 0.930946 0.950096 0.102302
5 0.162188 0.078005 0.282150 0.140665
5 0.644914 0.081841 0.660269 0.143223
5 0.253359 0.249361 0.479846 0.130435
5 0.740883 0.250639 0.472169 0.138107
5 0.495202 0.415601 0.963532 0.140665
5 0.495202 0.580563 0.959693 0.143223
5 0.158349 0.744246 0.282150 0.138107
5 0.642994 0.746803 0.667946 0.138107
5 0.495202 0.914322 0.959693 0.145780
