0 0.492771 0.051807 0.334940 0.060241
0 0.486747 0.181928 0.342169 0.060241
0 0.487952 0.275904 0.339759 0.065060
0 0.487952 0.406024 0.339759 0.060241
0 0.489157 0.496386 0.342169 0.062651
0 0.487952 0.586747 0.334940 0.060241
0 0.772289 0.586747 0.118072 0.055422
0 0.460241 0.679518 0.279518 0.062651
0 0.790361 0.679518 0.221687 0.057831
0 0.487952 0.769880 0.339759 0.060241
0 0.585542 0.862651 0.525301 0.062651
4 0.436145 0.053012 0.457831 0.067470
4 0.438554 0.181928 0.448193 0.069880
4 0.418072 0.275904 0.493976 0.074699
4 0.416867 0.406024 0.491566 0.069880
4 0.454217 0.496386 0.416867 0.072289
4 0.420482 0.587952 0.479518 0.067470
4 0.749398 0.586747 0.173494 0.065060
4 0.400000 0.679518 0.409639 0.072289
4 0.760241 0.680723 0.291566 0.065060
4 0.406024 0.769880 0.513253 0.065060
4 0.516867 0.862651 0.672289 0.067470
