0 0.571269 0.034606 0.826281 0.054893
0 0.573497 0.089499 0.826281 0.054893
0 0.573497 0.140811 0.826281 0.057279
0 0.185969 0.193317 0.055679 0.057279
0 0.269488 0.194511 0.053452 0.054893
0 0.380846 0.194511 0.093541 0.054893
0 0.573497 0.250597 0.830735 0.052506
0 0.572383 0.303103 0.828508 0.057279
0 0.571269 0.355609 0.830735 0.052506
0 0.572383 0.589499 0.828508 0.052506
0 0.572383 0.644391 0.828508 0.052506
0 0.573497 0.694511 0.830735 0.052506
0 0.573497 0.750597 0.830735 0.054893
0 0.573497 0.803103 0.830735 0.054893
0 0.573497 0.859189 0.830735 0.052506
1 0.354120 0.965394 0.400891 0.050119
1 0.773942 0.967780 0.403118 0.054893
