0 0.681490 0.155048 0.564904 0.084135
0 0.679087 0.271635 0.564904 0.081731
0 0.683894 0.385817 0.564904 0.084135
0 0.682692 0.500000 0.567308 0.081731
0 0.685096 0.615385 0.567308 0.081731
0 0.685096 0.728365 0.567308 0.086538
0 0.585337 0.834135 0.194712 0.052885
2 0.554087 0.949519 0.290865 0.086538
4 0.581731 0.156250 0.778846 0.096154
4 0.582933 0.271635 0.771635 0.091346
4 0.587740 0.387019 0.766827 0.096154
4 0.592548 0.498798 0.757212 0.093750
4 0.629808 0.616587 0.687500 0.088942
4 0.586538 0.727163 0.774038 0.093750
4 0.544471 0.832933 0.286058 0.064904
