0 0.709677 0.075926 0.294931 0.033333
0 0.705069 0.631481 0.294931 0.040741
0 0.707373 0.129630 0.290323 0.037037
0 0.707373 0.183333 0.290323 0.040741
0 0.705069 0.238889 0.294931 0.033333
0 0.707373 0.288889 0.290323 0.037037
0 0.702765 0.342593 0.290323 0.040741
0 0.700461 0.396296 0.294931 0.037037
0 0.705069 0.544444 0.285714 0.103704
2 0.580645 0.457407 0.027650 0.025926
2 0.711982 0.453704 0.023041 0.033333
0 0.656682 0.685185 0.170507 0.029630
0 0.649770 0.742593 0.165899 0.033333
2 0.585253 0.798148 0.036866 0.033333
2 0.705069 0.800000 0.036866 0.029630
2 0.817972 0.800000 0.032258 0.037037
2 0.944700 0.800000 0.036866 0.029630
3 0.198157 0.855556 0.165899 0.029630
3 0.172811 0.970370 0.105991 0.029630
7 0.140553 0.914815 0.032258 0.029630
4 0.622120 0.455556 0.129032 0.037037
4 0.774194 0.453704 0.165899 0.040741
4 0.612903 0.798148 0.110599 0.040741
4 0.732719 0.801852 0.101382 0.040741
4 0.850230 0.800000 0.115207 0.044444
5 0.490783 0.074074 0.741935 0.051852
5 0.490783 0.125926 0.741935 0.051852
5 0.490783 0.181481 0.732719 0.051852
5 0.488479 0.235185 0.737327 0.048148
5 0.488479 0.288889 0.737327 0.051852
5 0.488479 0.340741 0.737327 0.051852
5 0.488479 0.396296 0.737327 0.051852
5 0.488479 0.542593 0.728111 0.114815
5 0.493088 0.629630 0.737327 0.051852
4 0.361751 0.451852 0.474654 0.051852
5 0.433180 0.683333 0.626728 0.048148
5 0.428571 0.740741 0.617512 0.051852
8 0.419355 0.914815 0.608295 0.037037
