0 0.644444 0.341317 0.571429 0.065868
0 0.641270 0.247006 0.577778 0.068862
0 0.641270 0.154192 0.584127 0.068862
0 0.646032 0.061377 0.574603 0.068862
0 0.536508 0.622754 0.361905 0.071856
0 0.539683 0.526946 0.361905 0.071856
0 0.536508 0.434132 0.355556 0.065868
0 0.536508 0.718563 0.361905 0.071856
0 0.533333 0.808383 0.361905 0.071856
0 0.890476 0.803892 0.123810 0.068862
0 0.892063 0.712575 0.120635 0.071856
0 0.890476 0.616766 0.130159 0.071856
0 0.890476 0.525449 0.123810 0.068862
0 0.892063 0.432635 0.126984 0.068862
4 0.852381 0.431138 0.212698 0.077844
4 0.849206 0.802395 0.212698 0.077844
4 0.849206 0.709581 0.212698 0.077844
4 0.855556 0.613772 0.212698 0.077844
4 0.849206 0.523952 0.212698 0.077844
4 0.493651 0.059880 0.885714 0.083832
4 0.493651 0.154192 0.885714 0.080838
4 0.492063 0.250000 0.895238 0.080838
4 0.492063 0.341317 0.888889 0.077844
4 0.379365 0.434132 0.676190 0.077844
4 0.382540 0.526946 0.676190 0.077844
4 0.382540 0.622754 0.676190 0.077844
4 0.382540 0.718563 0.676190 0.077844
4 0.376190 0.808383 0.676190 0.077844
