0 0.563702 0.131010 0.675481 0.060096
0 0.563702 0.215144 0.680288 0.064904
0 0.562500 0.299279 0.677885 0.064904
0 0.560096 0.382212 0.687500 0.067308
0 0.741587 0.503606 0.319712 0.064904
0 0.562500 0.622596 0.682692 0.067308
0 0.560096 0.706731 0.682692 0.067308
1 0.241587 0.455529 0.040865 0.036058
1 0.240385 0.506010 0.038462 0.045673
6 0.835337 0.814904 0.055288 0.043269
2 0.550481 0.924279 0.293269 0.084135
4 0.515625 0.131010 0.776442 0.069712
4 0.495192 0.215144 0.822115 0.069712
4 0.479567 0.299279 0.853365 0.069712
4 0.503606 0.382212 0.810096 0.076923
3 0.292067 0.457933 0.161058 0.045673
3 0.388221 0.507212 0.348558 0.057692
4 0.588942 0.506010 0.634615 0.069712
4 0.516827 0.621394 0.778846 0.074519
4 0.522837 0.706731 0.766827 0.076923
7 0.681490 0.814904 0.377404 0.052885
