0 0.461538 0.118990 0.788462 0.084135
0 0.457933 0.300481 0.786058 0.086538
0 0.259615 0.490385 0.384615 0.086538
0 0.713942 0.490385 0.288462 0.081731
6 0.098558 0.588942 0.057692 0.052885
1 0.088942 0.820913 0.043269 0.060096
1 0.092548 0.933894 0.050481 0.055288
4 0.459135 0.097356 0.807692 0.141827
4 0.456731 0.281250 0.802885 0.139423
4 0.284856 0.466346 0.454327 0.144231
4 0.673077 0.491587 0.379808 0.098558
7 0.360577 0.584135 0.615385 0.067308
3 0.236779 0.817308 0.367788 0.076923
3 0.385817 0.930288 0.661058 0.072115
