0 0.674629 0.057882 0.594728 0.091133
0 0.594728 0.193350 0.418451 0.086207
0 0.595552 0.325123 0.420099 0.083744
0 0.595552 0.575123 0.420099 0.086207
0 0.595552 0.454433 0.426689 0.091133
0 0.546952 0.699507 0.326194 0.093596
1 0.405272 0.817734 0.039539 0.049261
1 0.530478 0.818966 0.036244 0.051724
1 0.404448 0.937192 0.031301 0.046798
1 0.528830 0.934729 0.032949 0.046798
4 0.560956 0.060345 0.835255 0.100985
4 0.409390 0.192118 0.795717 0.098522
4 0.482702 0.322660 0.652389 0.093596
4 0.522241 0.454433 0.583196 0.105911
4 0.509885 0.573892 0.601318 0.093596
4 0.472817 0.699507 0.487644 0.103448
3 0.420099 0.816502 0.085667 0.061576
3 0.544481 0.816502 0.074135 0.061576
3 0.419275 0.938424 0.077430 0.059113
3 0.544481 0.934729 0.074135 0.061576
