0 0.715415 0.071776 0.501976 0.085158
0 0.716403 0.201946 0.503953 0.082725
0 0.716403 0.448905 0.503953 0.085158
0 0.716403 0.329684 0.511858 0.090024
0 0.658103 0.571776 0.391304 0.092457
2 0.488142 0.688564 0.047431 0.048662
2 0.638340 0.689781 0.043478 0.051095
2 0.487154 0.806569 0.037549 0.046229
2 0.636364 0.804136 0.039526 0.046229
2 0.489130 0.936740 0.045455 0.048662
2 0.638340 0.937956 0.039526 0.051095
5 0.493083 0.070560 0.954545 0.097324
5 0.581028 0.199513 0.782609 0.092457
5 0.628458 0.329684 0.699605 0.104623
5 0.613636 0.447689 0.721344 0.092457
5 0.569170 0.571776 0.584980 0.102190
4 0.505929 0.687348 0.102767 0.060827
4 0.655138 0.687348 0.088933 0.060827
4 0.504941 0.807786 0.092885 0.058394
4 0.655138 0.804136 0.088933 0.060827
4 0.509881 0.935523 0.098814 0.060827
4 0.656126 0.935523 0.090909 0.060827
