0 0.719512 0.213190 0.519164 0.052147
0 0.717770 0.286810 0.515679 0.052147
0 0.717770 0.366564 0.515679 0.052147
0 0.721254 0.446319 0.515679 0.052147
0 0.719512 0.523006 0.519164 0.052147
0 0.721254 0.604294 0.515679 0.049080
1 0.501742 0.684049 0.034843 0.036810
1 0.668990 0.684049 0.034843 0.036810
0 0.552265 0.765337 0.163763 0.046012
0 0.707317 0.765337 0.132404 0.046012
0 0.857143 0.766871 0.139373 0.042945
2 0.442509 0.943252 0.174216 0.046012
2 0.611498 0.944785 0.142857 0.049080
4 0.520906 0.210123 0.923345 0.064417
4 0.519164 0.285276 0.926829 0.061350
4 0.517422 0.366564 0.923345 0.058282
4 0.520906 0.446319 0.923345 0.058282
4 0.519164 0.523006 0.926829 0.058282
4 0.522648 0.604294 0.919861 0.055215
3 0.554007 0.684049 0.153310 0.042945
3 0.743902 0.684049 0.198606 0.049080
4 0.350174 0.765337 0.574913 0.052147
