0 0.666409 0.142512 0.633127 0.125604
0 0.671053 0.300725 0.633127 0.128019
0 0.672601 0.451691 0.626935 0.130435
0 0.671053 0.607488 0.623839 0.123188
0 0.668731 0.756039 0.628483 0.120773
0 0.430341 0.908213 0.151703 0.120773
0 0.592105 0.908213 0.153251 0.120773
0 0.779412 0.909420 0.202786 0.118357
4 0.552632 0.143720 0.876161 0.142512
4 0.556502 0.300725 0.868421 0.142512
4 0.510836 0.450483 0.959752 0.142512
4 0.563467 0.606280 0.848297 0.140097
4 0.603715 0.756039 0.767802 0.135266
4 0.362229 0.908213 0.297214 0.140097
