0 0.351429 0.055819 0.276190 0.064133
0 0.849524 0.057007 0.274286 0.061758
0 0.600952 0.179335 0.775238 0.059382
0 0.600000 0.359857 0.773333 0.064133
0 0.600952 0.654394 0.771429 0.064133
0 0.440000 0.776722 0.449524 0.057007
0 0.663810 0.953682 0.653333 0.064133
5 0.764762 0.055819 0.447619 0.068884
5 0.267619 0.055819 0.451429 0.073634
5 0.520952 0.179335 0.946667 0.064133
5 0.518095 0.359857 0.940952 0.073634
5 0.518095 0.653207 0.944762 0.071259
5 0.355238 0.775534 0.626667 0.064133
5 0.519048 0.953682 0.950476 0.073634
