0 0.496386 0.112981 0.597590 0.067308
0 0.497590 0.268029 0.600000 0.069712
0 0.500000 0.421875 0.600000 0.069712
0 0.497590 0.575721 0.600000 0.069712
1 0.224096 0.717548 0.043373 0.040865
1 0.332530 0.717548 0.043373 0.040865
0 0.496386 0.811298 0.587952 0.064904
2 0.497590 0.938702 0.354217 0.069712
4 0.495181 0.091346 0.609639 0.115385
4 0.497590 0.247596 0.609639 0.115385
4 0.500000 0.401442 0.604819 0.115385
4 0.497590 0.555288 0.609639 0.115385
3 0.245783 0.715144 0.096386 0.050481
3 0.351807 0.717548 0.091566 0.050481
