0 0.658940 0.070205 0.622517 0.071918
0 0.657285 0.176370 0.632450 0.065068
0 0.443709 0.282534 0.172185 0.058219
0 0.640728 0.282534 0.182119 0.058219
0 0.839404 0.280822 0.175497 0.054795
0 0.640728 0.383562 0.579470 0.054795
0 0.658940 0.604452 0.629139 0.065068
0 0.658940 0.719178 0.629139 0.068493
0 0.660596 0.825342 0.632450 0.061644
0 0.658940 0.946918 0.629139 0.065068
5 0.574503 0.070205 0.804636 0.085616
5 0.576159 0.174658 0.807947 0.075342
5 0.341060 0.280822 0.384106 0.068493
5 0.582781 0.381849 0.715232 0.065068
5 0.612583 0.602740 0.735099 0.075342
5 0.557947 0.719178 0.844371 0.075342
5 0.584437 0.825342 0.798013 0.075342
5 0.523179 0.945205 0.913907 0.075342
