0 0.718750 0.205529 0.456731 0.060096
0 0.718750 0.301683 0.456731 0.064904
0 0.715144 0.399038 0.459135 0.062500
0 0.718750 0.493990 0.456731 0.064904
0 0.718750 0.682692 0.456731 0.062500
0 0.712740 0.588942 0.444712 0.052885
7 0.504808 0.775240 0.033654 0.040865
3 0.713942 0.915865 0.259615 0.057692
5 0.518029 0.204327 0.867788 0.062500
5 0.516827 0.301683 0.870192 0.069712
5 0.514423 0.400240 0.875000 0.064904
5 0.515625 0.495192 0.872596 0.072115
5 0.513221 0.587740 0.858173 0.060096
5 0.519231 0.682692 0.865385 0.067308
8 0.304087 0.775240 0.444712 0.045673
