0 0.578125 0.121394 0.588942 0.069712
0 0.579327 0.234375 0.591346 0.069712
0 0.444712 0.349760 0.322115 0.064904
0 0.442308 0.516827 0.331731 0.062500
0 0.794471 0.515625 0.319712 0.064904
0 0.618990 0.694712 0.670673 0.062500
0 0.444712 0.808894 0.322115 0.064904
0 0.798077 0.807692 0.312500 0.062500
0 0.449519 0.929087 0.317308 0.064904
0 0.796875 0.927885 0.314904 0.062500
4 0.580529 0.105769 0.598558 0.105769
4 0.580529 0.223558 0.598558 0.100962
4 0.444712 0.340144 0.331731 0.093750
4 0.439904 0.502404 0.341346 0.096154
4 0.795673 0.504808 0.331731 0.100962
4 0.617788 0.681490 0.682692 0.098558
4 0.443510 0.796875 0.334135 0.098558
4 0.798077 0.795673 0.322115 0.096154
4 0.449519 0.914663 0.331731 0.103365
4 0.796875 0.914663 0.324519 0.098558
