0 0.653226 0.119403 0.643369 0.079602
0 0.654122 0.238806 0.645161 0.079602
0 0.490143 0.358209 0.320789 0.079602
0 0.653226 0.482587 0.643369 0.079602
0 0.654122 0.643035 0.645161 0.082090
0 0.551971 0.756219 0.440860 0.079602
0 0.551075 0.873134 0.439068 0.079602
4 0.534946 0.119403 0.887097 0.094527
4 0.558244 0.236318 0.847670 0.089552
4 0.393369 0.358209 0.525090 0.089552
4 0.547491 0.481343 0.854839 0.092040
4 0.503584 0.641791 0.953405 0.089552
4 0.481183 0.754975 0.593190 0.092040
4 0.431900 0.874378 0.684588 0.087065
