0 0.505411 0.134860 0.989177 0.239186
6 0.029221 0.437659 0.036797 0.040712
6 0.031385 0.503817 0.032468 0.045802
6 0.035714 0.569975 0.041126 0.045802
6 0.032468 0.632316 0.030303 0.043257
6 0.031385 0.697201 0.041126 0.040712
6 0.033550 0.760814 0.036797 0.035623
0 0.474026 0.959288 0.917749 0.081425
7 0.089827 0.437659 0.166667 0.050891
7 0.182900 0.503817 0.348485 0.055980
7 0.103896 0.568702 0.194805 0.058524
7 0.080087 0.631043 0.142857 0.050891
7 0.186147 0.698473 0.363636 0.053435
7 0.129870 0.760814 0.242424 0.050891
4 0.474026 0.940204 0.926407 0.119593
