0 0.707108 0.701166 0.497549 0.072886
0 0.708333 0.578717 0.495098 0.072886
0 0.709559 0.823615 0.502451 0.072886
7 0.492647 0.293003 0.039216 0.049563
7 0.493873 0.355685 0.041667 0.046647
7 0.492647 0.416910 0.039216 0.046647
0 0.718137 0.064140 0.509804 0.058309
5 0.492647 0.065598 0.965686 0.067055
5 0.488971 0.577259 0.948529 0.081633
5 0.486520 0.698251 0.948529 0.078717
5 0.488971 0.822157 0.953431 0.081633
8 0.525735 0.293003 0.120098 0.061224
8 0.540441 0.355685 0.144608 0.058309
8 0.577206 0.416910 0.218137 0.058309
