0 0.502801 0.111794 0.478992 0.066339
1 0.263305 0.356265 0.072829 0.054054
1 0.476190 0.356265 0.067227 0.054054
1 0.700280 0.356265 0.061625 0.049140
0 0.470588 0.573710 0.347339 0.066339
6 0.329132 0.776413 0.070028 0.054054
6 0.551821 0.773956 0.067227 0.058968
6 0.782913 0.775184 0.070028 0.056511
2 0.138655 0.929975 0.260504 0.095823
4 0.406162 0.111794 0.689076 0.076167
3 0.303922 0.356265 0.176471 0.063882
3 0.519608 0.358722 0.170868 0.068796
3 0.764706 0.355037 0.201681 0.066339
4 0.352941 0.571253 0.593838 0.081081
7 0.373950 0.776413 0.176471 0.063882
7 0.598039 0.772727 0.170868 0.071253
7 0.838936 0.775184 0.204482 0.066339
