0 0.672289 0.261214 0.327711 0.042216
0 0.671084 0.336412 0.330120 0.044855
0 0.662651 0.414248 0.308434 0.047493
2 0.521687 0.485488 0.021687 0.031662
2 0.519277 0.515831 0.021687 0.029024
2 0.520482 0.546174 0.024096 0.031662
7 0.522892 0.613456 0.024096 0.029024
7 0.520482 0.645119 0.024096 0.029024
7 0.520482 0.675462 0.024096 0.031662
0 0.580723 0.750660 0.149398 0.044855
0 0.548193 0.858839 0.074699 0.050132
0 0.628916 0.860158 0.077108 0.047493
3 0.569880 0.940633 0.122892 0.055409
5 0.449398 0.258575 0.778313 0.052770
5 0.449398 0.335092 0.778313 0.052770
5 0.440964 0.412929 0.761446 0.055409
5 0.357831 0.750660 0.604819 0.050132
5 0.321687 0.858839 0.527711 0.055409
4 0.562651 0.485488 0.113253 0.036939
4 0.562651 0.517150 0.113253 0.031662
4 0.562651 0.548813 0.113253 0.031662
8 0.620482 0.613456 0.228916 0.034301
8 0.614458 0.645119 0.212048 0.034301
8 0.680723 0.675462 0.349398 0.036939
