0 0.500000 0.134211 0.890000 0.063158
0 0.500000 0.234211 0.900000 0.063158
0 0.502500 0.336842 0.895000 0.063158
1 0.067500 0.425000 0.055000 0.028947
1 0.070000 0.455263 0.060000 0.031579
0 0.500000 0.634211 0.900000 0.063158
6 0.070000 0.809211 0.040000 0.028947
6 0.072500 0.840789 0.035000 0.028947
6 0.070000 0.871053 0.020000 0.026316
2 0.502500 0.955263 0.935000 0.063158
4 0.500000 0.123684 0.910000 0.094737
4 0.500000 0.225000 0.920000 0.086842
4 0.507500 0.327632 0.925000 0.092105
3 0.135000 0.423684 0.210000 0.036842
3 0.145000 0.455263 0.230000 0.036842
4 0.502500 0.626316 0.925000 0.094737
3 0.165000 0.809211 0.250000 0.034211
3 0.137500 0.839474 0.195000 0.036842
3 0.105000 0.873684 0.130000 0.036842
