5 0.621667 0.330000 0.580000 0.042222
5 0.621667 0.421111 0.576667 0.037778
5 0.622500 0.506667 0.575000 0.040000
5 0.620833 0.593333 0.581667 0.040000
5 0.621667 0.681111 0.573333 0.046667
0 0.623333 0.816667 0.576667 0.144444
2 0.805833 0.955556 0.208333 0.048889
8 0.545833 0.327778 0.745000 0.055556
8 0.545000 0.420000 0.746667 0.044444
8 0.544167 0.507778 0.745000 0.051111
8 0.546667 0.594444 0.743333 0.051111
8 0.544167 0.681111 0.741667 0.055556
8 0.545000 0.815556 0.746667 0.155556
