0 0.565068 0.164815 0.627854 0.107407
0 0.565068 0.294444 0.627854 0.107407
0 0.566210 0.424074 0.625571 0.107407
0 0.399543 0.550000 0.292237 0.107407
0 0.566210 0.677778 0.630137 0.111111
0 0.565068 0.807407 0.627854 0.103704
6 0.737443 0.907407 0.027397 0.044444
4 0.500000 0.164815 0.762557 0.114815
4 0.476027 0.294444 0.815068 0.114815
4 0.343607 0.548148 0.413242 0.118519
4 0.523973 0.677778 0.719178 0.118519
4 0.525114 0.807407 0.716895 0.111111
7 0.504566 0.909259 0.506849 0.055556
