0 0.352308 0.123377 0.178462 0.044156
0 0.351538 0.194805 0.183077 0.046753
0 0.352308 0.263636 0.184615 0.049351
0 0.353077 0.335065 0.183077 0.046753
0 0.353077 0.406494 0.183077 0.049351
0 0.350769 0.474026 0.184615 0.049351
0 0.351538 0.545455 0.183077 0.046753
0 0.283846 0.614286 0.047692 0.049351
0 0.339231 0.616883 0.044615 0.049351
0 0.405385 0.616883 0.072308 0.049351
0 0.353077 0.688312 0.183077 0.046753
0 0.352308 0.758442 0.178462 0.041558
6 0.275385 0.822078 0.021538 0.028571
2 0.295385 0.906494 0.067692 0.031169
4 0.313077 0.124675 0.263077 0.051948
4 0.312308 0.192208 0.267692 0.057143
4 0.300769 0.263636 0.293846 0.059740
4 0.273077 0.335065 0.349231 0.057143
4 0.316154 0.406494 0.263077 0.059740
4 0.286923 0.474026 0.318462 0.054545
4 0.315385 0.545455 0.258462 0.051948
4 0.236154 0.612987 0.146154 0.057143
4 0.316923 0.688312 0.261538 0.051948
4 0.320000 0.758442 0.249231 0.051948
7 0.356154 0.822078 0.186154 0.038961
