0 0.201235 0.267932 0.353086 0.097046
0 0.693827 0.263713 0.355556 0.097046
0 0.202469 0.483122 0.355556 0.105485
0 0.693827 0.481013 0.355556 0.092827
0 0.146914 0.710970 0.259259 0.088608
0 0.334568 0.704641 0.086420 0.092827
0 0.560494 0.694093 0.083951 0.088608
0 0.765432 0.694093 0.088889 0.088608
2 0.691358 0.848101 0.325926 0.101266
4 0.200000 0.232068 0.360494 0.177215
4 0.692593 0.232068 0.362963 0.168776
4 0.201235 0.453586 0.362963 0.172996
4 0.693827 0.451477 0.365432 0.168776
4 0.592593 0.654008 0.158025 0.177215
4 0.782716 0.651899 0.133333 0.181435
