0 0.298473 0.206349 0.268702 0.033613
0 0.298473 0.295985 0.268702 0.033613
0 0.297710 0.252101 0.268702 0.033613
0 0.297710 0.343604 0.268702 0.031746
0 0.298473 0.388889 0.268702 0.034547
0 0.297328 0.435107 0.266412 0.033613
0 0.293130 0.593838 0.262595 0.033613
0 0.294275 0.640523 0.261832 0.037348
0 0.731679 0.205882 0.266412 0.034547
0 0.732443 0.252568 0.267939 0.034547
0 0.732061 0.297852 0.268702 0.035481
0 0.732443 0.343137 0.269466 0.032680
0 0.732061 0.388889 0.270229 0.036415
6 0.593893 0.434641 0.010687 0.015873
6 0.687023 0.435574 0.010687 0.014006
6 0.618702 0.594771 0.012977 0.016807
6 0.618702 0.617180 0.011450 0.014939
6 0.617939 0.639122 0.012977 0.012138
6 0.712214 0.594771 0.009160 0.014939
6 0.712214 0.616713 0.013740 0.014006
6 0.804580 0.594304 0.010687 0.014006
6 0.804962 0.616246 0.009924 0.014939
6 0.804962 0.661998 0.011450 0.013072
6 0.617939 0.669468 0.011450 0.014939
6 0.711450 0.670401 0.012214 0.014939
0 0.740076 0.715219 0.260305 0.035481
0 0.740458 0.762372 0.261069 0.034547
0 0.740840 0.812325 0.260305 0.033613
2 0.603817 0.915966 0.077863 0.033613
2 0.820229 0.917834 0.225191 0.037348
4 0.270992 0.206349 0.326718 0.041083
4 0.274046 0.252568 0.319084 0.036415
4 0.269084 0.295985 0.332061 0.039216
4 0.272901 0.344538 0.321374 0.039216
4 0.263359 0.388422 0.343511 0.039216
4 0.270229 0.435107 0.325191 0.039216
4 0.258397 0.592904 0.335115 0.037348
4 0.269466 0.641457 0.316031 0.041083
4 0.705344 0.205415 0.325191 0.041083
4 0.703435 0.252101 0.329008 0.039216
4 0.696947 0.297852 0.345038 0.039216
4 0.712977 0.342670 0.312977 0.037348
4 0.711450 0.388889 0.316031 0.040149
7 0.627099 0.433707 0.081679 0.021475
7 0.724046 0.434174 0.093893 0.020542
7 0.633969 0.594304 0.048092 0.019608
7 0.638168 0.618114 0.058015 0.020542
7 0.634351 0.638655 0.051908 0.018674
7 0.635878 0.669935 0.053435 0.021475
7 0.733588 0.594304 0.058015 0.019608
7 0.731679 0.616713 0.058779 0.021475
7 0.730534 0.669935 0.056489 0.021475
7 0.826336 0.593838 0.057252 0.020542
7 0.825954 0.616713 0.054962 0.021475
7 0.831679 0.666200 0.069466 0.028945
4 0.705725 0.715219 0.333588 0.041083
4 0.701908 0.762838 0.341221 0.039216
4 0.714122 0.812792 0.319847 0.040149
