0 0.325862 0.411692 0.300000 0.037313
0 0.326724 0.458955 0.301724 0.037313
0 0.325862 0.527363 0.300000 0.039801
0 0.326724 0.649254 0.298276 0.039801
6 0.172414 0.784826 0.013793 0.022388
2 0.091379 0.934080 0.106897 0.037313
0 0.787069 0.375622 0.212069 0.039801
0 0.787069 0.446517 0.212069 0.042289
6 0.688793 0.498756 0.012069 0.017413
2 0.738793 0.569652 0.108621 0.034826
0 0.831034 0.114428 0.282759 0.034826
4 0.275000 0.410448 0.405172 0.044776
4 0.276724 0.457711 0.405172 0.044776
4 0.281034 0.526119 0.396552 0.047264
4 0.259483 0.649254 0.439655 0.049751
3 0.234483 0.784826 0.144828 0.032338
4 0.787069 0.368159 0.215517 0.059701
4 0.787931 0.441542 0.220690 0.057214
7 0.772414 0.506219 0.182759 0.037313
