0 0.653802 0.312955 0.639401 0.075691
0 0.652650 0.411936 0.639401 0.072780
0 0.654378 0.505095 0.640553 0.072780
0 0.655530 0.604076 0.642857 0.075691
0 0.654954 0.699418 0.644009 0.074236
0 0.653802 0.813683 0.644009 0.107715
2 0.394585 0.941048 0.125576 0.100437
4 0.569700 0.312227 0.812212 0.085881
4 0.558180 0.412664 0.837558 0.080058
4 0.597350 0.505095 0.759217 0.078603
4 0.551843 0.604076 0.852535 0.084425
4 0.587558 0.700146 0.783410 0.081514
4 0.553571 0.812955 0.849078 0.112082
