0 0.492308 0.192451 0.689231 0.024664
0 0.496154 0.233558 0.684615 0.020179
0 0.495385 0.274664 0.686154 0.018685
0 0.492308 0.362481 0.689231 0.019432
1 0.199231 0.453662 0.020000 0.010463
1 0.283077 0.454036 0.018462 0.008221
1 0.366923 0.453288 0.016923 0.008221
1 0.456154 0.453662 0.020000 0.008969
1 0.542308 0.453662 0.020000 0.010463
0 0.497692 0.491031 0.684615 0.020927
0 0.326923 0.532885 0.333846 0.020927
0 0.673077 0.533259 0.336923 0.021674
0 0.496923 0.629671 0.686154 0.020179
0 0.496154 0.672272 0.687692 0.018685
0 0.323846 0.713378 0.340000 0.020179
0 0.673077 0.713378 0.333846 0.020179
0 0.500000 0.754858 0.686154 0.014948
2 0.315385 0.896114 0.313846 0.032885
4 0.493846 0.188341 0.698462 0.035874
4 0.495385 0.228700 0.695385 0.032885
4 0.495385 0.270553 0.695385 0.032885
4 0.490769 0.358744 0.701538 0.032885
4 0.498462 0.486547 0.695385 0.034380
4 0.325385 0.528774 0.340000 0.033632
4 0.673077 0.529148 0.343077 0.034380
4 0.498462 0.624439 0.695385 0.035127
4 0.496923 0.668161 0.695385 0.032885
4 0.323846 0.708894 0.346154 0.030643
4 0.673077 0.708520 0.340000 0.032885
4 0.499231 0.749626 0.693846 0.029895
