0 0.502000 0.152697 0.708000 0.045279
0 0.495000 0.243738 0.702000 0.048170
0 0.501000 0.334778 0.722000 0.047206
1 0.172000 0.418112 0.060000 0.026975
1 0.172000 0.444123 0.052000 0.028902
0 0.501000 0.745183 0.714000 0.031792
6 0.171000 0.818882 0.058000 0.028902
6 0.173000 0.845376 0.054000 0.027938
6 0.172000 0.874277 0.060000 0.027938
2 0.498000 0.951830 0.748000 0.057803
0 0.496000 0.603083 0.712000 0.094412
4 0.502000 0.143545 0.724000 0.071291
4 0.496000 0.234586 0.716000 0.070328
4 0.503000 0.326590 0.738000 0.071291
3 0.227000 0.417630 0.194000 0.033719
3 0.234000 0.445087 0.200000 0.030829
4 0.498000 0.593449 0.732000 0.117534
4 0.502000 0.736994 0.728000 0.055877
7 0.252000 0.818882 0.232000 0.030829
7 0.216000 0.845857 0.152000 0.032755
7 0.223000 0.874759 0.174000 0.030829
