0 0.299167 0.183594 0.301667 0.062500
0 0.298333 0.304688 0.300000 0.070312
0 0.296667 0.423828 0.300000 0.066406
0 0.296667 0.541016 0.303333 0.074219
0 0.298333 0.658203 0.300000 0.066406
0 0.629167 0.341797 0.168333 0.066406
0 0.630000 0.480469 0.170000 0.070312
6 0.677500 0.574219 0.021667 0.046875
2 0.075000 0.888672 0.110000 0.089844
2 0.600000 0.884766 0.100000 0.089844
4 0.235000 0.183594 0.433333 0.070312
4 0.235000 0.304688 0.433333 0.078125
4 0.233333 0.423828 0.433333 0.082031
4 0.235833 0.541016 0.431667 0.082031
4 0.234167 0.658203 0.431667 0.074219
4 0.629167 0.332031 0.171667 0.101562
4 0.630000 0.464844 0.173333 0.109375
7 0.619167 0.574219 0.141667 0.054688
