0 0.291379 0.460459 0.365517 0.079082
0 0.702586 0.459184 0.370690 0.081633
0 0.701724 0.602041 0.368966 0.081633
0 0.703448 0.743622 0.368966 0.084184
0 0.290517 0.771684 0.370690 0.426020
7 0.774138 0.811224 0.227586 0.035714
2 0.804310 0.929847 0.163793 0.089286
2 0.618103 0.931122 0.191379 0.086735
7 0.291379 0.445153 0.368966 0.114796
7 0.701724 0.447704 0.379310 0.114796
7 0.700862 0.590561 0.377586 0.114796
7 0.703448 0.730867 0.372414 0.114796
6 0.670690 0.809949 0.020690 0.033163
4 0.289655 0.760204 0.375862 0.459184
