0 0.391429 0.406000 0.200000 0.048000
0 0.391429 0.496000 0.197143 0.048000
0 0.388571 0.584000 0.197143 0.052000
1 0.056429 0.669000 0.021429 0.030000
1 0.340714 0.670000 0.021429 0.032000
1 0.628571 0.669000 0.020000 0.034000
0 0.372857 0.759000 0.162857 0.042000
2 0.102143 0.859000 0.124286 0.070000
4 0.269286 0.406000 0.452857 0.052000
4 0.268571 0.496000 0.451429 0.052000
4 0.267857 0.585000 0.447143 0.058000
3 0.097857 0.668000 0.112857 0.040000
3 0.385714 0.669000 0.120000 0.042000
3 0.660714 0.669000 0.095714 0.042000
4 0.249286 0.758000 0.415714 0.048000
