0 0.580000 0.197391 0.644444 0.036522
0 0.580000 0.269565 0.644444 0.038261
0 0.580000 0.434783 0.644444 0.038261
0 0.583333 0.486087 0.646667 0.036522
0 0.580000 0.559130 0.644444 0.040000
0 0.496667 0.630435 0.482222 0.036522
0 0.641111 0.715652 0.264444 0.036522
0 0.364444 0.714783 0.213333 0.038261
2 0.363333 0.858261 0.171111 0.057391
4 0.582222 0.187826 0.657778 0.066087
4 0.577778 0.261739 0.653333 0.060870
4 0.580000 0.426957 0.653333 0.060870
4 0.576667 0.549565 0.655556 0.062609
4 0.495556 0.621739 0.488889 0.060870
4 0.362222 0.706957 0.217778 0.060870
4 0.636667 0.707826 0.273333 0.062609
