0 0.168000 0.475410 0.200000 0.065574
0 0.424000 0.473361 0.196000 0.061475
0 0.258000 0.590164 0.380000 0.057377
0 0.170000 0.702869 0.200000 0.061475
0 0.425000 0.704918 0.198000 0.057377
0 0.259000 0.819672 0.378000 0.065574
0 0.169000 0.934426 0.194000 0.065574
0 0.342000 0.934426 0.036000 0.057377
0 0.679000 0.590164 0.198000 0.065574
0 0.679000 0.702869 0.194000 0.061475
0 0.636000 0.936475 0.104000 0.061475
0 0.630000 0.473361 0.088000 0.053279
4 0.167000 0.461066 0.202000 0.102459
4 0.424000 0.456967 0.200000 0.102459
4 0.629000 0.456967 0.098000 0.094262
4 0.679000 0.577869 0.202000 0.098361
4 0.678000 0.688525 0.200000 0.098361
4 0.259000 0.571721 0.386000 0.094262
4 0.169000 0.686475 0.206000 0.102459
4 0.425000 0.688525 0.202000 0.098361
4 0.260000 0.803279 0.384000 0.106557
4 0.167000 0.920082 0.198000 0.102459
4 0.351000 0.918033 0.058000 0.098361
4 0.634000 0.918033 0.112000 0.106557
