0 0.251969 0.285933 0.447244 0.055046
0 0.746457 0.287462 0.453543 0.055046
0 0.251969 0.395260 0.453543 0.056575
0 0.748819 0.396024 0.451969 0.055046
0 0.253543 0.503823 0.450394 0.053517
0 0.748819 0.503823 0.451969 0.056575
0 0.254331 0.613914 0.451969 0.053517
0 0.748031 0.613150 0.450394 0.055046
0 0.103937 0.723242 0.151181 0.055046
0 0.253543 0.723242 0.148031 0.055046
0 0.402362 0.723242 0.149606 0.055046
0 0.748031 0.722477 0.450394 0.056575
2 0.155906 0.886086 0.255118 0.077982
4 0.252756 0.275229 0.455118 0.085627
4 0.745669 0.274465 0.458268 0.084098
4 0.748819 0.383792 0.458268 0.085627
4 0.250394 0.383792 0.459843 0.088685
4 0.253543 0.491590 0.456693 0.081040
4 0.748031 0.493884 0.459843 0.082569
4 0.253543 0.602446 0.459843 0.085627
4 0.748031 0.601682 0.456693 0.084098
4 0.103150 0.711009 0.159055 0.085627
4 0.745669 0.711774 0.455118 0.084098
