0 0.377425 0.331250 0.220366 0.040625
0 0.379041 0.382422 0.220366 0.041406
0 0.379580 0.431250 0.218211 0.042188
0 0.379041 0.481641 0.217134 0.039844
0 0.378233 0.529687 0.218750 0.039062
0 0.295259 0.578906 0.052802 0.039062
0 0.351562 0.578906 0.053341 0.039062
0 0.416756 0.579297 0.070582 0.038281
0 0.378502 0.713281 0.218211 0.214062
6 0.137392 0.842578 0.021552 0.025781
2 0.460668 0.898438 0.050647 0.039062
0 0.720636 0.295703 0.219289 0.041406
0 0.728718 0.407813 0.097522 0.039062
0 0.829472 0.407422 0.095366 0.039844
0 0.785022 0.538281 0.212284 0.035937
0 0.616379 0.586328 0.081897 0.038281
0 0.781789 0.675391 0.143319 0.038281
6 0.569774 0.894531 0.019935 0.025000
2 0.845097 0.976172 0.154634 0.039844
4 0.337823 0.331641 0.304957 0.046094
4 0.339170 0.382422 0.302263 0.046094
4 0.323276 0.430859 0.334052 0.046094
4 0.341595 0.481250 0.295259 0.045312
4 0.355603 0.529687 0.267241 0.043750
4 0.271552 0.578906 0.103448 0.045312
4 0.338362 0.712500 0.304957 0.220312
7 0.306304 0.843359 0.360453 0.032031
4 0.693157 0.296484 0.280711 0.046094
4 0.666487 0.407813 0.227371 0.043750
4 0.722791 0.537500 0.338901 0.040625
4 0.606412 0.585547 0.105065 0.044531
4 0.705280 0.675781 0.301724 0.043750
4 0.737069 0.896094 0.360991 0.034375
