0 0.318462 0.253817 0.381538 0.053435
0 0.319231 0.376908 0.383077 0.055344
0 0.320769 0.499046 0.383077 0.055344
0 0.319231 0.621183 0.383077 0.055344
1 0.144615 0.733779 0.027692 0.032443
1 0.213846 0.733779 0.027692 0.032443
0 0.318462 0.808206 0.375385 0.051527
2 0.319231 0.909351 0.226154 0.055344
4 0.317692 0.236641 0.389231 0.091603
4 0.319231 0.360687 0.389231 0.091603
4 0.320769 0.482824 0.386154 0.091603
4 0.319231 0.604962 0.389231 0.091603
3 0.158462 0.731870 0.061538 0.040076
3 0.226154 0.733779 0.058462 0.040076
