0 0.471191 0.277680 0.350586 0.056239
0 0.471680 0.362039 0.351562 0.056239
0 0.382324 0.446397 0.174805 0.056239
0 0.471191 0.534271 0.350586 0.056239
0 0.471680 0.647627 0.351562 0.057996
0 0.416016 0.727592 0.240234 0.056239
0 0.415527 0.810193 0.239258 0.056239
4 0.406738 0.277680 0.483398 0.066784
4 0.419434 0.360281 0.461914 0.063269
4 0.329590 0.446397 0.286133 0.063269
4 0.413574 0.533392 0.465820 0.065026
4 0.389648 0.646749 0.519531 0.063269
4 0.377441 0.726714 0.323242 0.065026
4 0.350586 0.811072 0.373047 0.061511
